0.030273795633487754
0.07882189368866499
0.7083480528448808
0.37604785902873694
1.1119336477795925
0.8504556855109149
0.5563413968536204
0.02393445737700972
0.48427594426174525
0.2924588377461772
0.4122104916698701
0.26216086006655415
0.6201602767199104
0.7765544028289375
0.5177402479712812
0.9649350786224593
0.3513768308734271
0.10759049391130482
0.17898967900357032
0.27016004572660623
0.224833394345052
0.1995649066047136
1.471315924081786
0.8887832789774883
0.1392461629160744
0.36031630093893907
0.3296552764208336
0.3084317558774178
0.8681932324651047
0.38531464985952635
0.4372356581241652
0.6573921353372651
0.37846678303654135
0.8024982647900667
0.3987205431737517
0.6056728440162118
1.0805046209463312
1.8039301008879844
0.3001907622442423
0.2297471501617329
0.5966316463658055
0.1892681678765361
0.061207013269786836
0.02672326226724575
0.34209590047481186
0.4382179665369832
0.21242816770168016
0.06542208710453767
0.09911444483341558
0.30570074564434285
0.1598097484897245
0.3447675841768909
0.5053731734793825
0.3139238692598525
0.14647737685119933
0.3960077339458177
0.4958930233756421
0.2578224566726237
0.0721883205398246
0.3095389528584094
0.31820135537649863
0.598738726844475
0.5004220950606362
0.4748296928986957
0.6839287323002365
0.22130201917721637
0.30661467686580474
0.46406033842009686
0.29262106747356686
0.41347102713999295
0.26207416559576996
0.4019401844478838
0.7311372554888369
0.3449366649523628
0.22428654767312106
0.17724813539297557
0.44933476548468165
0.29104565300087276
0.6154278036748717
0.8568297966046097
0.37476319795936086
0.17465037319124077
0.8314729216452805
