0.1335796329662986
0.4169871625798982
0.5535730256317092
0.645314886142061
0.3935093254744304
0.2898577902520545
0.4695740069577423
0.7348231954394384
0.35943243341137565
0.41084557197448746
0.6802320471110155
0.32133825277805284
0.5966326808225186
0.46608235098684403
0.6062555199983779
0.19513143495604424
0.43034967117652956
0.6772182474506863
0.32616628609825526
0.48733051661781035
0.033648797943572895
0.5756476454477011
0.3006900759541171
0.5087851304175879
0.802767165100414
0.563989823794943
0.5255031737523606
0.5567336215590064
0.2704696650962921
0.5285957303461126
0.3760296328148782
0.429082507723507
0.013761595936562898
0.7461548400476996
0.013761595936562898
0.3541734075527857
0.13165810098306419
0.6047527507391202
0.13165810098306419
0.8949426034426851
0.8525511115970943
0.0910371676341053
0.2766939486095019
0.21492036180401808
0.3408279894789594
0.5675655194382285
0.6412928553172703
0.6244257347739838
0.1636845000660434
0.08851377510689007
0.5520779214555448
0.479085766484478
0.35468467271272175
0.6158385252336882
0.7682707766703891
0.6585173292287854
0.6278826884709057
0.8876873053684315
0.389320792225865
0.41937213037566146
0.10527949958580818
0.6371031655978445
0.47983171618292664
0.8571834719939527
0.07391649651322085
0.3217694595430709
0.5144447242860406
0.0004314086042978005
0.48377332350353486
0.1941759110530361
0.10554378789915653
0.11303081927530956
0.08303012179820435
0.3163904660937238
0.4577061235369819
0.05376997806077988
0.0785311143284213
0.022528137577896956
0.495028633389186
0.9576677552978041
0.7987323213075819
0.4585794765173752
0.3614380562351023
0.6610820987622552
0.15587704799861823
0.33097050218532864
0.7635869663546306
0.2628158193603083
0.029450116261291015
0.5717948682098903
0.029450116261291015
0.9169134970236583
0.8132592474985576
0.7096049979734569
0.259319260097127
0.6503737869048996
0.4367603657776691
0.254576427195647
0.705515103659938
0.6481699617386956
0.4658452662881354
0.5475002975025944
0.44561904934625834
0.7575867351375827
0.27043399387714806
0.19292571223623867
0.3634421788444437
0.20115358259805527
0.08868027372550369
0.4640037050470105
0.8027093299873309
0.4194823825898466
0.08505617721414804
0.5624129977241612
0.6424728601435965
0.21766898436233895
0.21239816192447858
0.5674976589243863
0.3012940199504306
0.014424405514461114
0.8922814006102606
0.014424405514461114
0.1649054360681652
0.40959366081206205
0.41225625732658755
0.9959770978705831
0.4158433948202944
0.36326765405651873
1.0284952747550227
0.10090832443758213
0.2541683136303501
0.1612652077804655
0.3771069428575453
0.45875298394290365
0.258092690556996
1.1965032280766854
0.3514309991824236
0.7439955077301124
0.5583385004965791
0.6507685237747729
0.6360169940123295
0.28675608020183496
0.27591694513979803
0.5141919571819731
0.8386444702219775
0.6365748668749238
0.8809133690139632
0.8069489997875714
0.490556988669558
0.12033255271075016
0.5084286811806301
0.14829614864334972
0.5559760630806829
0.6690375804276938
0.6741040512356564
1.0352374478994788
1.0714741619948318
0.40718100690238535
0.5915809407139282
0.4395155389682728
0.6476635866182527
0.3753559913111961
0.7742065335567814
0.3519808382916814
0.1294522424625706
0.5775964732620946
0.3941076468499505
0.0543852581139852
0.26692580461346216
0.4509493293080571
0.6734682061356556
0.4592331771540536
0.5154383783709222
0.2931376940174646
0.9074432652988675
0.09178750474424824
0.9074432652988675
0.01818660777916392
0.31823300260964515
0.6637459168880362
0.3364196103888091
0.5539130833471071
0.10642791741576252
0.3757392048375839
0.2725864907464728
0.40668138099055523
0.7332281834047032
0.36573779154857533
0.032412370028939375
0.6686973067421749
0.06061169121368537
1.1243874766523223
0.5268184222327625
0.9381030859436943
0.8168328314435702
0.07497793776859396
0.9854161700498585
0.7648532063636422
0.16973663368477743
0.6908725555810555
0.10396675991853144
0.4113859642783324
0.13860054677955436
0.08661716682028864
0.3420482377722356
0.669556998813051
0.29132039653566716
0.18537853942179452
0.4678564191785608
0.24289513705386634
0.2660989487901948
0.1162171718638565
0.3481071252738532
0.14901711393587336
0.2818761092113974
0.17245403020917194
0.9125551201096365
0.9147002841415417
0.2533064062074326
0.5948376249322678
0.8547598633708645
0.726243027149595
0.3847118084247598
0.012932886187636328
0.3606037158125295
0.36211795896881593
0.724444047474353
0.549752029473507
0.24035555745100723
0.27441252332454447
0.19945632298956006
0.311926184079229
0.07890905343459131
0.1897010940652628
0.35568053098917574
0.23819497896982522
1.233646993404928
0.7040968447152256
0.1975369070779769
0.2730823383226957
0.000852066242576166
1.088526059102056
0.09448203079571638
0.5225727166630909
0.0960352954996756
0.24164981968913868
0.4258830955852666
0.47984163052852213
0.3169454389292674
0.18611541197296333
0.35877625372999855
0.5470353182602801
0.2748855810384474
0.5637300991302503
0.24494431936372063
0.6940785549192734
0.308347667772507
0.022311212667729396
0.05271025148213848
0.6074526245081838
0.06079807762881817
0.1596297028069178
0.8317222254111591
0.12951198285216214
0.2774091962282954
0.4939103954281153
0.199126058938694
0.40793283137259734
0.1024576911251216
0.4092580138849633
0.7547648350234167
0.3532056757728703
0.19073587475374876
0.04441957372596628
0.19919052011067095
0.0007557907225053118
0.7791986050036646
0.7858057932603169
0.6311495776944875
0.5856208287781625
0.2292407875753768
0.09440613677950438
0.02686157707049408
0.4707287003651308
0.06342908140935188
0.004795180725621684
0.24003811541618436
0.6746691451127247
0.8038671737300245
0.7031729458472409
0.7483520311224382
0.2745628173082597
0.725362278987081
1.2164572567465117
0.44879792753404546
0.5557766283215007
0.675939379188518
0.5133038031286703
0.6464996053582217
0.4091654525784101
0.6464996053582217
0.2963602893084847
0.2937367344147743
0.7255597833290446
0.3429799102192197
0.8830133900586897
0.3429799102192197
0.7409704332649025
0.2833480362414693
0.7299087883368722
0.2833480362414693
0.6433041208608359
0.4806314546532877
0.02622435210975449
0.05244870421950898
0.02622435210975449
0.3976161103422391
0.11878506072162431
0.6169187124185063
0.33447897991896824
0.6575971726162796
0.34913781640702646
0.6524500255787449
0.4861345492653828
0.8201369532719849
0.1699152122091041
0.48008754442367474
0.45511069961004513
0.272765605370032
0.1717222454940759
0.34344449098815155
0.17172224549407566
0.4068393708451712
0.9555805880103281
0.41365330046792237
0.42191598191456237
0.7650200096723448
0.34993169907619714
0.686208055515565
0.08414266855310704
0.5883943458407179
0.35834714254104405
0.12120422264224917
0.7342988805872848
0.3303468030274215
0.6997147084562608
0.3660387095105895
0.07393578690446567
0.33531532036767686
0.6169379143784637
0.09465571969360553
0.4072926488706455
0.24157593523631782
0.20308411450677255
0.050607840856494946
1.3503456821723736
1.6371856010028498
0.7232803266225569
0.8372228555620781
0.5569146783459522
0.251764580228544
0.020084029609174436
0.562359128766559
0.5832089287037707
0.567069596239369
0.30455004771188054
0.02235329523966101
0.3069640038114372
0.6802830202900871
0.39809435842710705
0.3323410669754967
0.3281491211842744
0.16145707351909966
0.2664926302756472
0.10599456326316226
0.055068005739375536
0.42211755075480273
0.8792764181881592
0.5620379210395766
0.25531220234312624
0.18689582708736863
0.11718053837442266
0.8259264391201291
0.4618822711700066
0.29055689466270196
0.535096186833641
0.34527884450900226
0.10364100145624233
0.38205189697736763
0.9254953404486685
0.40842058282880256
0.32278309298786656
0.806225494827582
0.39580493662284155
0.19790246831142078
0.0760038743604885
0.2166230081052447
0.289800696732758
0.5569035999801647
0.6157711735558338
0.686664190821971
0.5553198343171051
0.1312499942824612
0.44833038450789564
0.13880416875275792
0.931667033618119
0.9784848506377739
0.5339315533650266
0.02070476075136707
0.24478893998323503
0.5906066507113378
0.22408417923186796
0.27275848026015037
0.9270181243658939
0.8401128927132682
0.14259172804246312
0.7433563800904732
0.34064280324070584
0.8796743340483317
0.6762318691053792
0.3832592449789991
0.7665184899579982
0.3832592449789991
0.3474909434277691
0.37132984120465884
0.7892990505671189
1.2701453745236133
1.0626644292985747
0.2519638775630846
0.08020065069795446
0.15862533928704736
0.05970884643184571
0.014654733662482933
0.17367296334049143
0.09664074221167995
0.3591173782052648
0.6574775854237171
0.7838051765364682
0.45472146890937254
0.7439833870524873
0.021850643525985092
0.11453075218137299
0.2682188844768678
0.22393355252722102
0.5391087946001365
0.13279232044887213
0.3035584103425295
0.24680664742772906
0.18646202176465998
0.4202151627914681
0.4534950047767543
0.18250435939464582
0.38015380420797573
0.45069646639535477
0.5343536900740385
0.4921497214840187
0.22359510598059984
0.11701228200415592
0.3893779362823033
0.7290929336166025
0.05878317295722635
0.27242218957557474
0.24950935344751324
0.2085228810916523
0.49134936393226025
0.3906426483902799
0.5719795719332357
0.36641266210403933
0.7483703652111404
0.2901749366382722
0.16015641347318055
0.4452034741946254
0.08779910449394812
0.9119380195623483
0.9397674448349331
0.5357479141952979
0.17061778217319112
0.29625505978643085
0.14943092098183453
0.3905229305870592
0.09822732191225514
0.5315280072677289
0.6335319400321624
0.10321648078698331
0.20200715530573743
0.47018979283058293
0.7829462912946221
0.1844091323712025
0.3667081744733567
0.20927488010681294
0.16029471087539893
0.8067199758590107
0.16029471087539893
0.1940790565065713
0.8878944783611598
0.033521122050755636
0.2607855112701569
0.5962821430375556
0.016397022199016176
0.28203760241521225
1.0648039936004214
0.027547353345003467
0.055094706690006934
0.2653609781837436
0.5392270621310442
0.4013851867098597
0.2739392382674617
0.2020830266347975
0.7923744464409328
0.5206512969355455
0.42589571626266887
1.0014739425248114
0.7427500072287367
0.6128722594209361
0.6561380430223941
0.4472336814350948
0.08966530531233108
0.5110397975425602
0.7636602402730266
0.11901512559733518
0.35035382387501257
0.04710181640675315
1.2107062089779719
1.3145172723155971
0.307730732432244
0.5536485157258126
0.03990819390406575
0.6955542927761167
0.1577443644756329
0.943329002298297
0.8044374348025674
0.015827502702299157
0.9738687903761178
0.015827502702299157
0.3948992751858682
0.7037382904679534
0.6397189557280434
0.5498194109317336
0.6128243227309116
0.4804413222384465
0.1704628767058436
0.9706709570415306
0.443093403195961
0.015039207708179347
0.5363361547709586
0.015039207708179347
0.0033169172706807304
0.6016215312600912
0.11183061944622685
0.6815004770662205
0.365804896729955
0.052123662934348225
0.1567345352328724
0.5234221363992182
0.3449289446735295
0.15985783162714995
0.08285992210033477
0.9312744698983169
0.6876875894000039
0.2501301030019283
0.37705497410367883
0.009039970927001484
0.3568560855719589
0.23365085367178118
0.0033371936857162776
0.04213043700551844
0.40896758519415904
0.10000984318981199
0.4618043075158007
0.5586592915344684
0.8548515718068974
0.43068515955944664
0.5558183997153563
0.8820580935052913
0.6324863120733717
0.28606519554066256
0.7732353037938946
0.28606519554066256
0.4614632722761094
0.7392977550177866
0.3615981447187462
0.4442418370385268
0.8682978506710874
0.3245398572373672
0.42986157827838145
0.20483787743620763
0.31234351730288346
0.6507248555305805
0.39034233665782614
0.3905838246056499
0.6684248436747735
0.40572188685588495
0.3453108987566118
0.4095493334014453
0.4800153174458899
0.34253197627644405
0.7421619352799762
0.42013142015746935
0.34408053336967237
0.02466844864546891
0.1697601478847146
0.06148380181710866
0.013064922519370081
0.25992273050265235
0.5239518008211552
0.7068726947300406
0.08022594894037849
0.30012075878783495
0.15754785423939444
0.23449679319833616
0.36499670415499474
0.5875638719847721
0.4025260394217903
0.5681550368590063
0.4782797436327084
0.6775796140437844
1.0477142775615738
0.604487902162115
0.08678357611263632
0.5326311562277279
0.6658923230684679
0.31834544982724644
0.5081898226729589
0.9657362483174063
0.06299702729063483
0.08337646067848636
0.24261920726827846
0.12353590073076504
0.37943575858480805
0.5735676660734685
0.255899857854043
0.2222710535383583
0.49046620905068594
0.22996488294730089
0.08002067877456476
0.2762333579987244
0.024351527286326613
0.5157937865306577
0.5259564598419574
0.4647309067535199
0.6078443354797061
0.3852903190263284
0.6735302668105643
0.11374284084867892
0.7875557300647088
0.5030506179468656
0.8600239026537743
0.30640305150220115
0.5745896764041687
0.9653825554753814
0.5745896764041687
0.24382635403262798
0.5267894512432805
0.0660636290059653
0.5014313509699279
0.6834104846091957
0.34668138477226185
0.670283239976869
0.35303395270060456
0.11514257652628834
0.33009229219180103
0.7771567990861923
0.4279605623428897
0.06500102590085977
0.41506304845999553
0.07048034834823902
0.07408739947218268
0.7417284082447074
0.07408739947218246
0.3194699119881851
0.5265332295469154
0.2665173618129222
0.13812635800755768
0.33930480428958404
0.3684349163403868
0.2787935043906248
0.08111305408974134
0.199238393095982
0.07297870524138994
0.4327184939016693
1.0643177132997432
0.7655327026422936
0.3855238081625232
0.8269754979132178
0.4741121011430742
0.10082593581083721
0.4956129652732977
0.389778595907603
0.5604273460418716
0.3655049909030499
0.6499284302780581
0.40468801115328146
0.5538104239585593
0.16491291820586174
0.5314561705747058
0.6554288171471834
0.5170804411677992
0.14254609798836881
0.30801353866449954
0.6482472720565138
0.30801353866449954
0.016051666063303216
0.7098043428582379
0.07778488812158058
0.11784097823600215
0.1554130156103164
0.42835348819094543
0.3818249079033653
0.24148313247757647
0.09369535507508919
0.6570147020444272
1.0274348644186775
0.3685740502181112
0.22122166857543935
0.15451892645145504
0.3825648750686863
0.1114650076382322
0.2680441897888477
0.6224219046732253
0.41312428655668554
0.47123008134978406
0.2731458055397198
0.007514663577249614
0.21512934932424943
0.4058313417387439
0.18840370386579608
0.27521789800029406
0.22597018065196406
0.1451311514482927
0.9714207749940256
0.1417806000390196
0.5059637931053227
0.13761272741819264
0.07650280129776732
0.6542063189966951
1.0492605821932002
0.4776759778502746
0.2716468625667785
0.916111612006759
0.6115714276846216
0.2976946558754019
1.1104082226145044
0.138383029423359
0.5472511316890216
0.5945520366249393
0.5743600668368991
0.39741414323413204
0.15505531382700521
0.2626326754290438
0.4251119428914061
0.35595772688948424
0.7157195935258236
0.7044189500442313
0.37263205861326565
0.20688101517401625
0.5064576843756048
0.05277253485541111
0.5486032589660373
0.09249353479274514
0.059439901110225346
0.007702184865140516
0.262473372688791
0.3938528170551243
0.39969320173258266
0.2977717397188313
0.44226855719511216
0.22413847630352568
0.7382144569211964
0.5376683241969755
0.40879528859509695
0.09393235509424214
0.9930610704100742
0.7304283575921025
0.051102637924845595
0.5465851251883764
0.27562111564317515
0.7821879469401805
0.4967122054281359
0.1977488137494985
0.5549920312097109
0.18426116358290567
0.06112906248280714
0.13042161295961385
0.2540164917432317
0.17281126484822953
0.16523688817404678
0.4343707044245635
0.22803333297842698
0.7047955206222731
0.06685742274367801
0.640940204182424
0.1182987719384907
0.07586374165516485
0.5769248434477877
0.06982314770327103
0.5769248434477877
0.4157871818022722
0.6213551780764748
0.3106775890382374
0.6020185546497929
0.9441757169205566
0.6342991822122972
0.1764256283630592
0.22191191903114937
0.8080033568513203
0.41467915477835504
0.6910719361265545
0.007025278183798278
0.6887149624932862
0.007025278183798278
0.3056932614207595
0.5232529172300269
0.6158765291776245
0.5218194981455144
0.5786141269962752
0.5272805928456892
0.0045361839947526406
0.25686504247475195
0.5390782618947414
0.4216741417401624
0.13609618328995787
0.019928393185664417
0.41577830623300027
0.6735903506436143
0.5681554379140101
0.6961277207310445
0.2840270243435774
0.031560289868327374
0.10614201161047543
0.3741379549619914
0.4873210257542698
0.5963738396636599
0.3306791047885884
0.4346447146489312
0.11148257792731942
0.029109986328152537
0.9023361913671295
0.029109986328152537
0.808875602738377
0.2117656266425625
0.5531373105558419
0.6169995685847223
0.6454896724003003
0.03126567427855598
0.06253134855711195
0.6783389866763403
0.9608217452515526
0.09236143900800875
0.5942333976880549
0.11371503852120046
0.22341698385934294
0.01164215584581152
0.23449397693818064
0.4584761235644974
0.15731073714152766
0.3107339034173786
0.17665940941342484
0.23583227971604614
0.8718128044060984
0.7621014070266483
0.35561180619492117
0.5766026726064597
0.35561180619492117
0.25469505511279156
0.4065165879635746
0.08387707472196371
0.2139497983031622
0.22672113279792094
0.09239129771846954
0.23046199030003856
0.42418964952736593
0.2631222477368414
0.4423646118775132
0.37282338738095033
0.2249321347941282
0.3674707802222983
0.568548856895339
0.2742152179213604
0.28501577499177166
0.047769632106743565
0.7813898870899814
0.32278508070788403
1.0836685977449165
0.39399989153705106
0.696398897964901
0.3889334469102712
0.38051700480411554
0.7025756419441329
0.274306791880949
0.16560472015610905
0.22510270484706085
0.7828663381294927
0.4876534547506157
0.6176458850243118
0.26094242307873894
0.09203731096348355
0.2947067795456324
0.6532185441217013
0.32847113601252587
0.6423565068289334
0.35375987169202183
0.4806541280017451
0.2573728945099685
0.6589130862767152
0.28946526172620946
0.26744311212083005
0.5219719639752001
0.311488720586884
0.10418042446063813
0.564060286367331
0.340892870066126
0.376264805422041
0.9668785823091639
0.376264805422041
0.8743183120396543
1.0399605253979218
0.004189083980049801
0.6278023208182439
0.3917437749475443
0.29941007785332996
0.2973596754922574
0.2494439846824732
0.187037211316897
0.1216352769731941
0.6961707128432248
0.4116166610819607
1.034959206430188
0.5899442187823156
0.511702930108622
1.1904429349648593
0.9388633003183786
0.43315309162119775
0.7496397720104394
0.2948016049880394
0.4853993832947997
0.5506710248114556
0.5597564134850049
0.3010725538314145
0.13696546790254183
0.26753364279273384
0.38364346947494576
0.4969010688234664
0.5400941677127006
0.33397457900793714
0.4874870738697439
0.8050456589311676
0.5836005145515122
0.7015822443944004
0.06739509933719479
0.192889780749117
0.2775586211798302
0.47106955624542834
0.288918454882245
0.4856092473397533
0.5629785154594197
0.2615219089502494
0.4133442339542035
0.00703954439900506
0.01407908879801012
0.00703954439900506
0.6740531532506694
0.6306138406706614
0.13796880349134644
0.3627286690324092
0.7010330697790841
0.67953649870768
0.44724845099979404
0.6126493739311685
0.2784474259350276
0.3204993517204979
0.5269265893716277
0.48028010436113844
0.31532370673854415
0.3157378253878833
0.2823327337795267
0.04116359336319775
0.14385948404592241
0.39288503367141336
0.12405055487322214
0.8153981757477808
0.4602821206636747
0.38511476943544354
0.8202581084638116
0.46679893552093565
0.8702866780567362
0.23691781074525586
0.3501549913066686
0.1750774956533343
0.1408076054811993
0.44870749524370557
0.11108214063981514
0.30555832106218317
0.6971564553234435
0.049861030500855996
0.5162397054065861
0.8699023164888402
0.6452468351031578
0.2373686400756161
0.32445650444242324
0.545817724667656
0.531879354418615
0.7092593790904974
0.73973363811878
0.46114451022278535
1.1966955548193114
0.8904988492186918
0.1960429072364045
0.6259149192218967
0.31295745961094834
0.8347025021481431
0.053680485790576604
0.5592379128017062
0.6969702074749247
0.10116583685208802
0.801663653455206
0.7900225410950679
0.28784820595312155
0.5131388870650095
0.7572386214709912
0.450581362223776
0.327316261463634
0.5652949083844487
0.04919469775850205
0.6748499630806162
0.5754036284611228
0.10187479820249479
0.42685515731886436
0.18090640864444119
0.3451485103704699
0.111303952033186
0.5842594226304856
0.7133179717683813
0.35429904637522647
0.6156379947975898
1.3929544792131714
0.6040868441445661
0.38695301960983564
0.6327989543897448
0.8478693379455327
0.3625937503998091
0.7424406069437233
0.18501394127754223
0.21962751086172083
0.5645335096901264
0.24763303698126915
0.7202061212136242
0.28752639617153175
0.6036632219055296
0.2984297918624401
0.25021000100101976
0.4159158898261661
0.6831206725398995
0.5269802059794833
0.2602792120845372
0.3409139254826288
0.16032467246722293
0.03355745620862427
0.17674368053730438
0.7356498877220647
0.3747440629022156
0.6850681545451498
0.38481913866469447
0.14804183929041326
0.24584270029325772
0.4505175508528474
0.4704104616721896
0.47468748207842526
0.28084217371207476
0.49415919177639456
0.5745644465017659
0.10051415075822767
0.24573833771664244
0.2738588543842404
0.003980002349024403
0.8593896321800627
0.7101833269754607
0.354406838321804
0.6671195084041095
0.2880289154111866
0.6918729216495786
0.41076186008576937
0.08373747412027299
0.3541608187649783
0.6073216868685003
0.6323743621013218
0.4024142397420467
0.052216583095575864
0.14168123409868705
0.31684984322784704
0.7986959563102184
0.7984593568685696
0.4320235126653582
0.6727531608194374
0.38918611370546063
0.18945586985998197
0.00958797512758558
0.6950151817423058
0.2332776803975829
0.17566824389162727
0.07636032013353411
0.12287666683611453
0.4669717960919644
0.8888840367589292
0.3440568914315212
0.625568372549691
0.4605104394896249
0.8407603160758237
0.7126323121168685
0.31290551739495087
0.800430030577401
0.783852590078952
0.1821498601324314
0.2946330665179544
0.9436984503811139
0.5676920896929181
0.6891447369354744
0.027161597500952483
0.6509932035311243
0.3363684930354366
0.6128416701267743
0.06127131259896479
0.15159158271265027
0.1347305712532143
0.19690458098538577
0.06807816305454994
0.3662246201538948
0.23478648353043452
0.43732526546243766
0.8528339023909197
0.8678568301537677
0.9000008749458415
0.09430232362806024
0.21329015880724356
0.151046757471482
0.49078328469885957
0.12125339498467724
0.4684331185631052
0.883954090751045
0.32424933606919754
0.3357368256384026
0.6187476163130732
0.2881231594144258
0.33423253358487826
0.5026239199197726
0.2647428889389599
0.35306924259947403
0.7006406982011845
0.5096107072574818
0.3138649452543294
0.41070234885922186
0.7434951699655342
0.47989392547508014
0.279573202458278
0.6093267770606323
0.6190127199977193
0.5484336673148666
0.8433376827323831
0.5113448451490397
0.2797843700547511
0.322831673122691
0.48762737360010044
0.30444628407071317
0.10393331896172242
0.2536210388871525
0.2896078002859011
0.11772537046921627
0.9086807445369249
0.6537678093616224
0.24346758975542837
0.45366835430989116
0.224221444877446
0.38384356357529253
0.5154948162914001
0.2650958403260919
0.29351978378447496
0.8221604893706335
0.3200162969308993
0.6843708601189141
0.04082785577252768
0.3581002059695173
0.6191782590903623
0.2799568290338428
0.1816302487831294
0.31422391333376387
0.44133594222649286
0.2687401459323082
0.0035528168310392516
0.03128483752050126
0.2477513820621553
0.026865328021879797
0.9589487305448121
0.5568814369281152
0.17445686796044857
0.6595788149832611
0.13933797382612312
0.8952750792330277
0.8148110726742464
0.3652873517866735
0.2028228506803611
0.553815455406399
0.6065471588300135
0.42752809902463973
0.5591015859625879
0.5742989017676647
0.3586240827437255
0.08740893098365521
0.30211652396524014
0.8086053042607756
0.3944893539009098
0.49084618865197127
0.4261483220822264
0.14229725066230792
0.4643346482988353
0.9182084993759035
0.3212914124363062
0.2369385119369325
0.5155926001801507
0.3995339729794882
0.2519450231378293
0.5263442549128368
0.16086994426355483
0.20888406107636331
0.24954651561999208
0.21316375576699975
0.36742194736409006
0.19444352596083947
0.7477451396815828
0.4672036984447647
0.8258510137612153
0.8335349804772743
0.6173278706277278
1.081814599851247
0.8908002290673025
0.4046959929235543
0.9687171161753652
0.6205591737939673
0.3157218094467815
0.5321206629567485
0.2565718355077937
0.060378453366171314
0.6736118988108064
0.9259374807290612
0.4839487187694589
0.6301215136572322
0.5373645534559328
0.33763037781477756
0.6820818270677459
0.5373474058498715
0.8515355764884331
0.5948444413233367
0.28492490208716337
0.5273368631104813
0.2576589335668533
0.5843901202786643
0.0033386817740928
0.14227160771389769
0.28955123808893457
0.361947544655588
0.6607286141161604
0.5326587695567953
1.0254460071697293
1.6986123818978913
0.33129740158104504
0.6312019130071174
0.27892228056555
0.5879104086468621
0.331001871723565
0.1655009358617825
0.7136543141325351
0.1711297172138515
0.5646034758486118
0.37201832993957273
1.1270899514275556
0.26739106140158375
0.6924749039318039
0.9419092893289723
1.0270715892384406
0.04751059311539263
0.3824800611749376
0.372642374992612
0.7759897808742591
0.3658024907104478
0.19790995389853894
0.12966000783830456
0.18425764254267563
0.42546705713192057
0.8438647658305056
0.5741834841614636
0.39868332034517984
0.23098403518069066
0.3208372646448656
0.5631619840776807
0.14914726517344112
0.7468284003975315
0.1559343489701046
0.4481155993803032
0.7275990809396706
1.2340802963264537
1.4111844846024608
0.04483436315279565
0.8841091917680295
0.6798774868970474
0.23725912077021372
0.7664582683045729
0.8035968549029355
0.3801246013524704
0.48794110773007837
0.7865747352958046
0.938834958979425
0.5291262414763542
0.0997383698529033
0.40861543687928875
0.08729025054686845
0.037421065620416805
0.43059365854029963
0.7640688214695972
0.5371559330157334
0.5440724258691381
0.6901824442260232
0.4026805014817496
0.8423551588203463
0.5128215285149816
0.5101893238239595
0.6377255904119805
0.797069175936602
0.5066632392423935
0.25404008382183485
0.5499533559638379
0.7374860356474157
0.19670858727570084
0.4693881205500279
0.15024110954034886
0.1596486442639624
0.31112080052398206
0.21840911580110678
0.7697992276170358
0.34895628163595305
0.7104437724438935
0.04254069009392403
0.2200906773898721
0.488074841337653
0.3158776505056897
0.6295079385948821
0.6619475485557924
0.6773553210951839
0.17520790902594463
0.5822345136202214
0.17520790902594463
0.7307814956805192
0.04380127708990855
0.021900638544954276
0.04409552926829757
0.08819105853659515
0.04409552926829757
0.5491335187548942
0.9554230885372408
0.4777115442686204
1.1387398365943004
0.22923219427072672
0.4699010566339705
0.28909996324570075
0.4658947723517297
0.0881099621847854
0.8159788084410451
0.24350649977154504
0.6514959039920676
0.6127821763417076
0.795735527740927
0.940446148419718
0.18181182686517605
0.49239206721365103
0.03472123316168485
1.066791668306776
0.6621642476366869
0.4358290136339673
0.5607292251878295
0.18602859052624288
0.3109288020801051
0.24917484873063778
0.4780590468814583
0.6212716001735235
0.04147657646774672
0.4938115406316612
0.1896510587528475
0.04627938628456363
0.8525029780222659
1.478999392845614
0.1427811325354943
0.3025144103060782
0.3389227743248842
0.45867339113353855
0.19108277201318913
0.05623226972319362
0.4373198563470644
0.059646026106369376
0.9497978993075475
0.014640403794795809
0.3703536283432971
0.5542966392945043
0.09081430308036786
0.6318504897185194
0.5049213675737155
0.16815509142342666
0.3610652538679364
0.07666521122327352
0.6420870424238851
0.7668415427030725
0.31099590130205823
0.5801111187134729
0.11240535673679708
0.04065707485370229
0.5728465452765444
0.20881693738938423
0.27107521804974094
0.7229263308072709
0.5392629441293816
0.15769048896935822
0.4452361432697802
0.3075930591203906
0.7324570736023301
0.31612912376539337
0.23454191072309793
0.4456208363204315
0.15469692984485306
0.38794374986391666
0.3843908238889906
1.099171113256562
1.3343069989079854
0.5192077824566095
0.6514007327967808
0.21938311899421148
0.9258653714648216
0.11116103073092276
0.5202479541967594
0.1456783562124908
0.03713511977874173
0.905861552550645
0.7430126447258694
0.0947612426729103
0.4150832934727382
0.0777302891799172
0.3203220507998279
0.03110919348479524
0.12464578058500242
0.35696725503234744
0.6241788928528059
0.24382584998713552
0.25568320136205047
0.5492799271153637
0.2842038029530791
0.3860707519807199
0.33320293861860933
0.7616999519930201
0.37509572382548595
0.7562669487712709
0.1826701469496519
0.7562669487712709
0.7371940877125331
0.9651493395286577
0.5571454284505086
0.8750106161913727
0.5238012130048
0.3471253938148964
0.1969946739593489
0.6253462715883152
0.1803050476604966
0.7498973068280157
0.8814505559927
0.15209888218020673
0.0386838150316593
0.3099799664346601
0.024711959883780388
0.013693343031167204
0.02738668606233441
1.1614360478675954
0.4991219566117966
0.09783303973286817
0.2340308072545998
0.2464270165339424
0.16152996451610768
0.06078337701748149
0.12156675403496298
0.06078337701748149
0.10265607133135957
0.09318937868218913
0.7279293358595345
0.23746697708563846
0.0010898299866635153
0.47192134559164134
0.8358144522938171
0.47192134559164134
0.46719963179169477
0.7132789044824044
0.39697671364729215
0.7123555389911975
0.5513652574322432
0.34644999211933447
0.14451201177921957
0.211979525633609
0.21372994636315257
0.18942662383256614
0.08008514576512304
0.4940916001892197
0.8050533952495886
0.2635355081403339
0.337352359294933
0.5917823288501785
0.30844510833216443
0.8557599239934308
0.5238018831756435
0.7977896322564058
0.6961101847822624
0.7273100276526222
0.6261313288612431
0.3870519904452312
0.06663299416032942
0.2807223417235334
0.7901036024550325
0.3333599807601815
0.37260805975095446
0.30203756126240267
0.14358877600880415
0.46619183707952594
0.291071013281611
0.7804362359156775
0.8188831121341129
0.5042297007908861
0.43476288858777923
0.15746682833563241
0.8040411081174201
0.5540477021222578
0.3384620411108734
0.22028274516936364
0.43005153629928916
0.05718175020463789
0.29081905147468134
0.543761141957344
0.03420488301446145
0.32577177603243374
0.3282360427974482
0.20749704402899116
0.8367221102801716
0.222716542395073
0.22698633274010138
0.18550879865200942
0.11445530263731918
0.11714148432549015
0.41136600223543734
0.09159040409460344
0.5285074865609275
0.41893740313633954
0.6510738542971959
0.6579513807367645
0.9885085449439481
0.9932529664603522
0.6611143284143672
0.25273993899939073
0.5111919960322742
0.2894941153918749
0.17601563120284958
0.0325578912470732
0.28892409030527677
0.3595700100162098
0.4221414760804052
0.48790038233675403
0.7340696619239278
0.4478770433214687
0.34068888557401794
0.11582238586948446
0.4488109451066724
0.25903811155931855
0.930982042285363
1.346374388793854
0.5434632836923958
0.7528411745422279
0.4818375508242063
0.3935449268606881
0.12540820410735698
0.15247168837506697
0.30540126000535706
0.1209534742638414
0.17841263705000854
0.08943526015261583
0.5847795498735406
0.2859760182367661
0.5229511086459124
0.013069815262925832
0.024538403083840254
0.40376514310313283
0.44477680756942856
0.024640965722859676
0.48767833190498955
0.5308874497462832
0.24405302848733168
0.84605499754867
0.2786226308862645
0.6020019690613383
0.006092804200909185
1.1192346415059369
0.5596173207529684
0.6274136215409527
0.7305689599395726
0.12176437542764074
0.5132571414306952
0.26403999524448896
0.5022559997190577
0.15897016733510538
0.513186086758685
0.5797498390459261
0.5001218873885792
0.8027752703020596
0.5129003507790966
0.030273795633487754
0.07882189368866499
0.7083480528448808
0.37604785902873694
1.1119336477795925
0.8504556855109149
0.5563413968536204
0.02393445737700972
0.48427594426174525
0.2924588377461772
0.4122104916698701
0.26216086006655415
0.6201602767199104
0.7765544028289375
0.5177402479712812
0.9649350786224593
0.3513768308734271
0.10759049391130482
0.17898967900357032
0.27016004572660623
0.224833394345052
0.1995649066047136
1.471315924081786
0.8887832789774883
0.1392461629160744
0.36031630093893907
0.3296552764208336
0.3084317558774178
0.8681932324651047
0.38531464985952635
0.4372356581241652
0.6573921353372651
0.37846678303654135
0.8024982647900667
0.3987205431737517
0.6056728440162118
1.0805046209463312
1.8039301008879844
0.3001907622442423
0.2297471501617329
0.5966316463658055
0.1892681678765361
0.061207013269786836
0.8890145000833991
0.44450725004169955
0.5775387605372417
0.06314433987970158
0.9401303168445474
0.5490828317092422
0.46705833905514993
0.3520940443761553
0.5577835157939477
0.223226963977615
0.6696208988934873
0.2539892696390429
0.09747695101797271
0.515786579038009
0.38523662115346036
0.6895793157592236
0.3544061636721244
0.41777313745790967
0.5485827187788628
0.09888820339947002
0.15003189792955163
0.3182974794351004
0.3833899299106561
0.30245415743502857
0.19501564319100884
0.3074600035114221
0.8220781852506711
0.8367914236270306
0.5609640243651661
0.43744663510641457
0.7076116922746785
0.16159582476005507
0.45439553722703785
0.6027579277137933
0.25669670442596537
0.005711070987890032
0.20445479802339062
0.5530161020700297
0.2146963467656784
0.5892343794400481
0.015586093913086074
0.8849730476517097
0.015586093913086074
0.3998400454730078
0.6959797169630471
0.10113481212217623
0.36263593121440385
0.08617336166331002
0.4305378846308946
0.3153875324886559
0.5306564748041032
0.4032050320820272
0.4977251420825737
0.7816127371875019
0.41030415953740396
0.6226838554312907
0.6430482572720178
0.41155662064861787
0.6084034207129188
0.93853328000329
0.6529457217770585
0.6506768726482228
0.5510664817131348
0.4047600875928925
0.5949725739035978
0.18476604481660974
0.4582566658707883
0.18758228475423788
0.9571289662067857
0.3912630289316006
0.4414996114685974
0.8890115020660121
0.5848260542978332
0.589061809679279
0.728152497127069
0.23701256453091535
0.6192281449063128
0.23701256453091535
0.8424166174474901
0.4602010370720926
0.8942144544648372
0.5102363126680123
0.8011652890296861
0.5323727922298991
0.7415660186790514
0.8427602030766028
0.8821312537128652
0.25928304873538766
0.4463885209988585
0.07369063049854185
0.17529546412273822
0.09974298774347945
0.5427174265648977
0.5206378130568163
0.7996614331859639
0.06612192359367386
0.16012683344943235
0.1406948063724296
0.419113326213179
0.1692029094569305
0.14149846143759692
0.4288135508034179
0.1755311696720323
0.8104443949629481
0.241103786474679
0.510417590963113
0.2032745041479327
0.2753415622388089
0.6153684402990804
0.4225145109004151
0.20585634016822452
0.07596368058688263
0.13445670754263594
0.22074278138530679
0.2938147443658636
0.4685278810603023
0.2101786236801686
0.19993221729305022
0.47652989521838496
0.06776557358399593
0.7601697946413912
0.324455615093012
0.09818831021928709
0.016544875813869098
0.36052006771754996
0.8750581709952137
0.8919052459034598
0.8066286813689159
0.3665904116635934
0.7208117889109049
0.29227120506915405
0.3363681814161723
0.6725344159116382
0.3025397045459223
0.359766867599469
0.03705444120480994
0.22647242932553313
0.7677376259499149
0.3577732527673696
0.6500159472771121
0.7109311049764568
0.40514838497845523
0.6194673394647028
0.17117159644526758
0.23900605907696426
0.3775284452619041
0.08467936425630085
0.11905348044052966
0.48361239150756036
0.06470999000257915
0.13227193753323485
0.4126322712651711
0.5449644785498939
0.7511600746795035
0.4425479963402963
0.10680276052147475
0.3601086734949569
0.5600132062077018
0.1562670129025978
0.4113363506645704
0.5215416508103283
0.39776517114700183
0.09639768984306052
0.7063974670960276
0.25056596484138005
0.2997777529954293
0.34003873028003007
0.4001919198552115
0.2465038748372761
0.15255570396390183
0.0689968262635492
0.294951513074172
0.5574346017205704
0.5595785175918029
0.20438597407428993
0.22707790285290796
0.03479000302746704
0.2918538661029695
0.5685681521814155
0.5120817149612223
0.13464916913144798
0.4414307791627705
1.0247534675645358
0.2715285356861119
0.4210663652799065
0.5331962945788058
0.3842699073478921
0.7948640534714997
0.23363942311038333
0.5969082460154176
0.24321450554494728
0.32391041348257277
0.3285361803172604
0.70020052085746
0.20192967679272744
0.28335567643838083
0.08308756007945028
0.7880092432712629
0.5222685047371716
0.6759409529690235
0.3403058146060516
0.6806116292121032
0.6257582933333818
0.5229265444460611
0.2658098818603658
1.1659936873822234
1.1269676654863252
0.0967720876992324
0.18143122121205257
0.40087177592270135
0.7897182948537007
0.40091562452005647
0.503046053720773
0.8671979455995606
0.0714829325093973
0.28847334256311613
0.2201749696585571
0.11956365426039284
0.36542384204091904
0.573434201806018
0.5131982911996197
0.053116181722738354
0.43790739927858513
0.19766949297713743
0.6746394503915027
0.29015839587724823
0.5365235958434944
0.001999768568540894
0.5479832100310601
0.9014008730046177
0.4108888544287499
0.9909950058952246
0.6346865264301034
0.9909950058952246
0.6177442536958204
0.14924246006574826
0.07462123003287413
0.12227397409831431
0.6830673642220223
0.35135395526655144
0.049871745256032995
0.10162126952295658
0.6713750927673479
0.20446301516604204
0.27395967300761126
0.6731720747429385
0.28547028357995874
0.9320924060866886
1.127659666733702
0.24531824889406106
0.2573402553796391
0.29563963589860087
0.13488105133986372
0.4681773433517431
0.29278191466322645
1.1735146747113308
0.26914471663412654
0.6817001333304877
0.5054432472851391
0.826164206006174
0.23721207396655264
0.5431058096474332
0.24097824096182752
0.3383563769001059
0.6260703338167803
0.24470882109019598
0.0919155664698934
0.009369273496969477
0.047187333988320646
0.3636481748902547
0.07910272946529151
0.40655754999881744
0.28358535091325976
0.8345144570565752
0.31561784102858326
0.2095499673737371
0.3507971434280426
0.1092239162817692
0.4551439789907234
0.31560365573874244
0.31925425856306444
0.1841467049357064
0.516707843207763
0.48315514120904646
0.5066108688580843
0.4322913271298343
0.7096438105129613
0.24746978262873753
0.12905399900372505
0.2581079980074501
0.39725298171308815
0.7460604316096155
0.3977628809432363
0.7486191862247109
0.37558897041990313
0.7909189623406645
0.79024498172623
0.6974650983292774
0.39947909993437003
1.0178380811473566
0.5763256485857653
0.21965470715265223
0.40954911736946675
0.3286527139723243
0.6058623998624736
0.5139375995035911
0.28621631646825296
0.10558548352094022
0.09961482012937117
0.4350354070562681
0.1805021176285435
0.00397946254943049
0.4293673927180619
0.16923307967021506
0.00043344970890668577
0.2933321945474774
0.688936641053397
0.5143632323616638
0.4767320085882332
0.0783188156126089
0.43453518257161106
0.20741653969182394
0.7438465435468791
0.7183609831790401
0.3576271349391149
0.5900046566852314
0.04471489991958855
0.7815360261185567
0.7375404292245187
0.6031724058679023
0.44218194414396095
0.18074485292515674
0.5083131649137167
0.30144030598944216
0.7132486216828882
0.25199819300157555
0.6325290223204221
0.44629029244032115
0.5451592056350227
0.06290974476220157
0.4881202840963832
0.24772433142550598
0.823330070566962
1.3169301669568045
1.2232652247158873
0.7773652133363251
0.9931956637515862
0.14663306705055312
0.5355041886521161
0.425201676470492
0.7489467367598035
0.4942099295682194
0.8019699486653271
0.01120923246986516
0.3827564543372315
0.30950846459361303
0.01907046549121727
0.7930522792015031
0.15456814445787526
0.29498707826162107
0.18156438002795072
0.07676979380134341
0.2901779225510466
0.5666115363212829
0.132219634630939
0.5481718735860528
0.48212168143723355
0.4071927006241918
0.133362723453474
0.5812727133644899
0.03672449162748004
0.5178906637953375
0.8906549826386303
0.45450861422618516
0.9679909871806993
0.8133475092105487
0.15246997649903715
0.8670279059803421
0.8014255554152228
0.38388290609809417
0.49765212645396417
0.23455896013033772
0.5563381063863573
0.21857990432814223
0.6435582925120391
0.024555296001592453
0.8324195378299493
0.41981499478034046
0.27398820868599616
0.5462318837202371
0.7915086165426914
0.49753160025192944
0.04695574981655248
0.3799767806767733
0.8731915265475789
0.5729477051365002
0.5066105508227408
0.2587241875143129
0.0682667606587648
0.5932522322919502
0.1623306142961234
0.7546229321136363
0.142429727620214
0.16521035771943549
0.03434822829828699
0.27236991872588723
0.7514589113550373
0.6392035629736554
0.39506455601746016
0.11902666145419438
0.7882032011271084
0.36382973371318084
1.1806984241978187
0.6856934818031846
0.775863528809482
0.15207675423984346
0.5802904366442045
0.1901527735267931
0.021587740463541616
0.041962527621254964
0.07845468645767362
0.03233634136342367
0.7977814919383173
0.07166976636099598
0.87728378188321
0.2860393076700465
0.6803214082014897
0.5177204351526049
0.19559637046207556
0.4903204408712636
1.122820184123396
0.9417005316975748
0.19712229485159272
0.48195125213392864
0.7116934536341035
0.5400456250216967
0.3125895814050508
0.5829449029195359
0.11161643000847832
0.46594220967789113
0.8042282871795674
0.040857699596064556
0.353709950198823
0.2753770711182839
0.6714482569193603
0.4169142984977441
0.18317231213535656
0.3496335647740023
0.19817294304243038
0.7320205836879954
0.8411338445951855
0.6419093823200677
0.9255510263878275
0.5015530118451825
0.9756998126285703
0.4438708788892793
0.8007071005091108
0.7490096290197483
0.19791483690525125
0.3618122363243095
0.42293760538784236
0.4981510169934209
0.07554297749260375
0.363189864952266
0.15149489112636405
0.3029897822527281
0.5131837444060324
0.4328774028884359
0.5324256339150661
0.49435484340140734
0.3274799921640632
0.49297798914953495
0.2978444547919352
0.5644099313599886
0.2978444547919352
0.30192162746086537
0.6705668847712827
0.7834980816562932
0.13681898659038172
0.5774067764863124
0.20613476649867035
0.6146914191176815
0.30026857303382126
0.501169878178182
0.5218766924735725
0.9404931192672992
0.3514787711538889
0.40493783520541776
0.017127463692571787
1.0934272646926777
0.6628820719528594
0.04908317260646422
0.28152303917809673
0.46090119079435543
1.47868767540941
0.3258716902072063
0.38585016892651947
0.00547396607787376
0.04270774862412141
0.09362644636505346
0.04818171470199517
0.42713866870683503
1.07825896498114
0.42713866870683503
0.15315061668377172
0.555795603087522
0.7491519996475451
0.048370368957009635
0.5648100228845867
0.8614029912430292
0.537454914216017
0.375651717408961
0.9101969890187094
0.3290721644764359
0.31778710840157487
0.5442768938568953
0.34886050397386703
0.7183700406567735
0.8123415395242897
0.29067487229723876
0.5592929675935885
0.8684987014835883
0.4941873933979197
0.6591656688349694
1.0555831642847875
0.26563126146721316
0.4603173427615639
0.21785995600211017
0.47500879039644195
0.27914700368214973
1.2741913110399299
1.9239491756673353
0.5601311578756869
0.6746228679192714
0.1827812427928236
0.42284063136564287
0.4620577288062495
0.7750326395942033
0.28310904857971
0.6536450708132895
1.022407543497228
0.6536450708132895
0.45678265817413966
0.828590482224798
0.708701346247901
0.030691429569242423
0.8830664263820931
0.030691429569242423
0.7792576098201507
0.3704309925389051
0.1132546736695752
0.43562413801125954
0.1879831740729998
0.8655814507194708
0.5133830914451565
0.0004946010407869128
0.4333746482139478
1.023482622284265
0.10510759187562257
0.21270296263363186
0.08590696649942031
0.030853231409638582
0.24048057808508472
0.3634557965465943
0.15733192500529114
0.02672326226724575
0.34209590047481186
0.4382179665369832
0.21242816770168016
0.06542208710453767
0.09911444483341558
0.30570074564434285
0.1598097484897245
0.3447675841768909
0.5053731734793825
0.3139238692598525
0.14647737685119933
0.3960077339458177
0.4958930233756421
0.2578224566726237
0.0721883205398246
0.3095389528584094
0.31820135537649863
0.598738726844475
0.5004220950606362
0.4748296928986957
0.6839287323002365
0.22130201917721637
0.30661467686580474
0.46406033842009686
0.29262106747356686
0.41347102713999295
0.26207416559576996
0.4019401844478838
0.7311372554888369
0.3449366649523628
0.22428654767312106
0.17724813539297557
0.44933476548468165
0.29104565300087276
0.6154278036748717
0.8568297966046097
0.37476319795936086
0.17465037319124077
0.8314729216452805
0.4851207803716808
0.8273534956229318
0.1785468092775766
0.8049548965900151
0.1683622420585289
0.2747343606884717
0.6748217199336476
0.004072750896689681
0.25070599711340846
0.3793344490653401
0.757827676650547
0.8877252328852847
0.15729240890159701
0.4114256924624202
0.627311195635619
0.29421996239319714
0.09205096960877057
0.7270929023173522
0.4042186721728951
0.6381502927507215
0.6400899521495316
0.3235927858997574
0.031616489755974864
0.21635619619980317
0.06222160272434568
0.3785121792632705
0.5040159274688221
0.846900134879556
0.5901163306284212
0.6921717592105581
1.4019980836193824
0.6117449292197332
0.7568379628366722
0.6128579186432129
0.8942866067556918
0.019201648884613398
0.18020891734320976
0.32300127490661046
0.2321433493273699
0.13243806621345833
0.08845122804093153
0.2157205332351978
0.4346355975099116
0.393351964991855
0.7056066326074075
0.6174610333256343
0.2659118417991144
0.3528570153963859
0.640330229684841
0.18556551962933732
0.6944287381387069
0.29536231268831914
0.697628290441207
0.0031995523025001305
1.1163686132320878
1.196637161513479
0.029873574139436698
1.0517839273902023
0.5452363719434121
0.40375689517911484
0.7596873237221775
0.4461472352604947
0.19417878488006135
0.2823848959620392
0.8785492990757922
0.1250374995871233
0.4620300592201356
0.20127732911049556
0.8094146314060451
0.11232765313176829
0.8976514851176125
0.28106297587521123
0.5621259517504225
0.5232752953242361
0.779756321678069
0.8264883441079722
0.49466779741309486
0.7306709510902147
0.4838006799193866
0.8386464572063783
0.045119764902040504
0.2639043019120062
0.4451724311660299
0.24706103567220916
0.1121116363925978
0.8331885886023511
0.9342891257316945
0.49058182023776187
0.21766933057767046
0.23481380516244732
0.0944081110565449
0.3113085172618497
0.6226170345236994
0.3113085172618497
0.07868597272896682
0.42411410005818606
0.6278976294753106
0.5541030269176841
0.5291790893535424
0.10588468297345432
0.3072655298132849
0.42228972858505287
0.07721713226974902
0.19224133104151697
0.11190697654748716
0.7126449056276356
0.11190697654748716
0.0624171879226183
0.41209343381479907
0.4672715337266797
0.08072205748272587
0.15687617416525312
0.3469512668747592
0.6680963483273968
0.3895209570969218
0.3580571088428275
0.7075387038822569
0.45349228413483633
0.22077643797701008
0.41201207264520634
0.17072222400682513
0.31440094066298335
0.8508614986602687
0.4555977518392944
0.017421044356904947
0.5279062172338578
0.12744706150505736
0.5453272615907627
0.06827515911312121
0.5113860493055684
0.3399767036421961
0.5676556491232216
0.3399767036421961
0.6833027735873103
0.03780847135649301
0.18494189319512322
0.16751379435961322
0.507542921096602
0.06338309554397048
0.7377448895292804
0.06338309554397048
0.13350051439903732
0.3373686365102072
0.19823949495240778
0.3591836930905591
0.5524940129389013
0.4730946250227408
0.208253988663043
0.04855888330819447
0.7467668985715715
0.8192648233625816
0.22073044480017678
0.27645701714541326
0.24998978288318208
1.0476774045178292
0.24415323459452187
0.44094481062591173
0.159271597941137
0.37541020618606824
0.8192346934232266
0.6609127038390035
0.15157632465687598
0.051259623889139405
0.6387429829291698
0.650330203898263
0.09284104098209278
0.35094577550929174
0.6463127975043919
0.16499393762839754
1.3482941920648783
0.7578299039913867
0.15156360869035712
0.4251654427430731
0.2520401624441333
0.8863425807678382
0.5505016417098941
0.31439215082977984
0.08165860482196052
0.006265031127497878
1.0330439170577272
1.4273449809453025
0.5988685942994569
0.5218974249246369
0.6182305251769491
0.7488878865560746
0.26794523297886963
0.39860259435799517
0.0889705694398284
0.22269914750573783
0.3855636405022116
0.3039436915730939
0.1380646038386013
0.8266537887306833
0.5115420680434442
0.22285742757467553
0.3421353458292502
0.5321202198497441
0.21679097102866374
0.056258655422287696
0.10336481123272856
0.5584732704027315
0.3197009645842046
0.2322781550667583
0.7695148816586213
0.5785518585379323
0.724642474695254
0.6570392423921674
0.20955096842250454
0.2395365458424713
0.4790730916849426
0.2395365458424713
0.5352393106438197
0.09098866083459023
0.5352393106438197
0.20715333251474344
0.5887726795474741
0.49831353180568205
0.275324528691016
0.5120571833609264
0.08811608437532126
0.8394854501794542
0.08811608437532126
1.2437493839611111
0.5153764004564878
0.9518957030348947
0.12548990508275581
0.35184414003267506
0.28707139805714466
0.5143231942249469
0.11673015394609809
0.395548819493215
0.06893716344632317
0.2524140976321778
0.48929219343959507
0.20871828565837403
1.0139526620823194
0.15419178714417692
0.31414906120046093
0.6215253408248427
0.3326610278291051
0.7585742225272818
0.3326610278291051
0.7485485293865852
0.8517145316340677
1.0482590663954046
1.613827690691077
1.0482590663954046
0.2077026755279805
0.0503912964091171
0.5629538952280768
1.2009137797689329
1.4487016168944091
0.766025054695366
0.2513081175684766
0.1337642494216107
0.054062706482976175
0.03131151367095519
1.1117121395054541
0.6560469997776504
0.8123443638521683
0.24971845183457653
0.5806336941162051
1.0796148570453155
0.14326771211875466
0.33393464191451316
0.8093557270943922
0.381333859591517
0.5094000905768048
0.777699772806334
0.5122198098873039
0.14552415455085121
0.4900489650080804
0.3162511825839198
0.12364682895896628
0.31595766329658126
0.2317258807290643
0.4634517614581286
0.12396753361563961
0.8238275932443768
0.3280171728503798
0.6560343457007596
0.7896553289310937
0.5045583787664292
0.8258710875433126
0.4548301271031714
0.350072329841872
0.5603084368432976
0.1789418461483656
0.37214697822721465
0.07199504134110768
0.46462151077353653
0.17147904615487075
0.49151549233067504
0.3479876011228118
0.7847020391041921
0.42458773766003866
0.3601589966874119
0.7528673261320931
0.8730550063698107
0.9784860105187119
0.3554124096814236
0.2563020483275036
0.21704286362999436
0.503517173503389
0.21704286362999436
0.25028624524102394
0.5976138303133025
0.3782105421203035
0.02587043788182486
0.43428151066472553
0.4086090536167253
0.37706709147659145
0.5931152541566167
0.7537787559451599
0.5654229237108757
0.1715545506224334
0.31851480202754223
0.1826496697323281
0.3828173488675741
0.19369693321967807
0.019447211192737734
0.6283403492959261
0.4503940655977121
0.7450957407873195
0.04000383509618821
0.366122230772846
0.8759147731941042
0.42849597910866893
0.15225492473797253
0.07510558630728248
0.15545034774790434
0.5671838006539911
0.15545034774790434
0.32582304918443716
0.3104568470657376
0.268454668568491
0.10501621025805741
0.57982151693552
0.8198667300803513
0.4313364791774146
0.7404465552086594
0.24314593603088452
0.7959626445980184
0.6675002334252285
0.22353815031208657
0.367769083980253
0.07832519904422064
0.832199740285323
0.07832519904422064
0.5435001842385829
1.1931221721100815
0.5965610860550408
0.7244646374964665
0.20611430354375937
0.8422447444885552
0.6771321650835866
0.6480657746484614
0.32408893908415237
0.03922371706903893
0.5719649168736535
0.4935138165588468
0.39264339412961835
0.6094739086748127
0.48560973629153875
0.30486583774388576
0.6242173429367015
0.2725694099271614
0.4502013131329612
0.600548418862721
0.24261216686192633
0.7010657976036491
0.0442976768231329
0.07196877319699002
0.22977487301467558
0.578492794403517
0.3459320683429974
0.05713349727241379
0.050914248157686526
0.20003351889125254
0.1439285809227795
0.07259574941206903
0.4440882460825222
0.2905618935738161
0.30325764148992285
0.4856563678711989
0.8640210272021456
0.5263795897856094
0.08077138996233968
0.6299274004473255
0.4926759895585781
0.8372347143934606
0.15299645374147852
0.1750069143261328
0.8502548417667894
1.0640107888822312
1.362191361373183
0.48901864103653914
0.12344309862962177
0.17323743747531228
0.07593422016955031
0.8606890941525303
0.9597281558554212
0.1391418229849266
0.33716305886756137
0.44688248734409486
0.13646946541368354
0.6399206248698357
0.8061991629109029
0.5803024796150684
0.6783462849492938
1.4867232482802244
0.45679840437167885
0.8570030485101165
0.5082190634411765
0.8004092882768754
0.8709903438863442
0.6166454723923565
0.0009434780737769266
0.6456335909733721
0.7192034342023115
0.4919990325501207
0.5385642578966788
0.12338689915524714
0.0593894916687141
0.7318314711350951
0.5585163120259233
0.7318314711350951
0.2232058117348279
0.7305240528448618
0.17062366266701545
0.2922448817644585
0.7654443359536653
0.27845402606211933
0.36190914484949666
0.04359951751937574
0.8014475752245647
0.34439868318217304
0.5092236060962265
0.022996613492992646
0.4216053504988615
0.7366097297499303
0.5103471970765874
0.6198579127449113
0.2566284707485593
0.30534196587235574
0.85361399635786
0.47410633353684384
0.759488766020032
0.6507928265982249
0.11044184091505382
0.3851996969185989
0.19838221432995518
0.3413746322947735
0.06489550025768587
0.6739625608209336
0.33926335247001393
0.12002187357651195
1.0875574247259796
1.0685980679615437
0.9284473001220626
0.2730260343314348
0.39405767626557786
0.43118866728033867
0.8171483885372801
0.5871277171799656
0.08443174794842623
0.4529863383108532
0.23465271147461664
0.5743546264027533
0.48793880229648856
0.1077901368201859
0.37614591888034754
0.9597950724943818
0.37614591888034754
0.6870603940960058
0.20117098051769178
0.6870603940960058
0.38541480870350275
0.9500698286165781
0.21466855543597196
0.4360359242637829
0.6876564392479896
0.3277549538950655
1.1659956009505097
0.882116176337469
0.8255339966456017
1.464217291449733
0.2515158012174028
0.6313329408332138
0.09139657510157617
0.5583942275481036
0.34753739013544305
0.06465949524543602
0.12931899049087203
0.06465949524543602
0.054722561098818456
0.5309891844297763
0.043331562736513174
0.02243653804800161
0.5683545175333196
0.02243653804800161
0.8832991465731993
0.689193312268729
0.2576831880219661
0.5611336889179732
0.4024129649095918
0.6215354697053376
0.18100423880488936
0.2538382557673349
0.010964920489566543
0.020158842398422583
0.0326635851392596
0.48919330605898054
0.9075675065435916
0.44588477933332404
0.47030220506315523
0.9406044101263105
0.41144154427147256
1.2847239579918908
0.6030537450279845
1.0065070668969862
0.35952566561793153
0.7934931450187612
0.35952566561793153
0.09037468828923201
0.4214456382281959
0.11541837063449956
0.24778507425130147
0.6113825831363204
0.1301752067377766
0.41173014979254496
0.10805817514960214
0.17725701671443517
0.34781060487562243
0.09289243234549538
0.16873230070612677
0.23486995530872523
0.41924115380540483
0.8440811569270901
0.4110189274830187
0.37406343849177537
0.5617083099030502
0.7229058373898034
0.25552955728422155
0.41076879201863736
0.7743607301315354
0.7941503850539697
0.6799156299759206
0.5205089716693954
0.30200101153251646
0.4994578746731366
0.8805356037311505
0.523578680905354
0.6268442524581983
0.00414372285864717
0.6239673410884541
0.048339389658319076
0.45762269833932856
0.2791330681476112
0.5915734537352803
0.34411556339425886
0.43447977035267127
0.4032693680732904
0.6219664258915301
0.5634693093783545
0.3874126169400718
0.5634693093783545
0.6063226576398879
0.4756652147505487
0.8495357362637508
0.4879201383248031
0.020893643370300086
0.762884998088288
0.020893643370300086
1.2032128454249342
0.09753454624188374
0.3872553692759646
0.284534750996132
0.9972399878676534
0.8697892269852323
0.15568455535913772
0.4298452807384603
0.10412033625008554
0.9754491907802865
0.7928271818145114
0.5302287062784736
0.6661822347448202
0.4397773161357934
0.25987689135302805
0.24608034291282022
0.6031598061458656
0.22002636187326863
0.10952379548494706
0.27308991587932585
0.7800900542613567
1.1395815398391163
0.17344824853568497
0.4333264652474851
0.3396332385009062
0.32959410822167
0.3703875401246979
0.10539506270542276
0.2532213612927543
0.6202754975541426
0.7156125832146727
0.6541351296680915
0.7641422380654035
0.06035878652901161
0.2964294069642528
0.6362620226615883
0.08703146742188839
0.2259734248025218
0.4631436777066653
0.2259734248025218
0.8577865233706328
0.1569729581268402
0.33709314781142563
0.3012659083061082
0.12637195196889728
0.9913437452873533
0.7184513018863647
0.3682366186884888
0.13145460278815602
0.2300320572905057
0.3831868466698083
0.73338276391355
0.3336659416880714
0.00499319550145394
0.07457559317088869
0.016685210514227
0.44325140713766253
0.016685210514227
0.49580653526749446
0.17090973147569422
0.17324721595125858
0.1845613888550055
0.3168166755361914
0.09338240112948881
0.21285232088605377
0.6787847466961429
0.32109243742446836
0.08750561721985073
0.24206764780817613
0.31197846208382407
0.5770950519208123
0.10872336266207072
0.35592030390107476
0.602817159344922
0.6591670534080137
0.6844735798632557
0.09652366360684717
0.22878153824611402
0.44094254873364735
1.0294885549202568
0.1928063413165062
0.30910255250879093
0.354344368926244
0.505682401525199
0.3454932761815668
0.10296514005459145
0.20733150503740672
0.32284712769310697
0.23276035615456406
0.33206024383324806
0.14446224081119485
0.15318315292855988
0.26785431401071413
0.6554403689021595
0.23003459702758056
0.4007116569926015
0.8554542727364232
0.6882815526575357
0.4414894132769238
0.2305219460361556
0.5925451173959081
0.26554190749163187
0.1591455432967699
0.28468591239143226
0.8469938365898613
0.3990300135174678
0.11823646295621959
0.784988441056222
0.5536315107582848
0.008717621196591363
0.7278044466287281
0.12655092628764764
0.6015406428302361
0.5028792693274333
0.16793446936140932
0.35115053478969105
0.2788725696413431
0.7002171290115404
0.3957405626121626
0.6329828143683078
0.28443009980208345
0.4075407751752458
0.16611035439826605
0.6143313974201003
0.022241274977416126
0.913268387392534
0.022241274977416126
0.34580349638398955
0.5721651631926186
0.7325449190425213
0.26809842499357917
0.6865795637858589
0.969063917096209
0.4918841681791577
0.8138384041774256
0.43723497702027403
0.4845147605208182
0.6160377691221264
0.9964206032695899
0.3143815195235815
0.6804288529740575
0.19627375059301966
0.7331873287052091
0.51019356325296
0.1771461100417857
0.626600359087408
0.5454997646308215
0.6667089130041273
0.441981788481316
0.027096190220048832
0.24782589225049279
0.5362960698310588
0.2749220824705416
0.9794471312205455
0.7495633812267064
0.9794471312205455
0.4659691658279863
0.10746465237647307
0.5514028342416282
0.46929306193380804
0.7666734525098418
0.7895992824799606
0.03924247931254454
0.6101453910971755
0.3105178990382409
0.15879201766320516
0.5178056645678653
0.792136808068191
0.5590458240727401
0.49536256576566984
0.5666582981339654
0.5834721408557901
0.8253664638215148
0.4348041102954192
0.5632690610214974
0.010842678382560589
0.403224934775432
0.2301462105732779
0.4495778386200229
0.19706682881135862
0.03928739325228792
0.09092242600414968
0.15894367408396914
0.24624020353717313
0.5447623246936444
0.28635754249548917
0.38568638230925645
0.39336539162841744
0.12074670024080181
0.16468700853778362
0.2302904464745552
0.1231327844529666
0.1931824060283145
0.3627639129514719
0.2319731346671433
0.39747893776013843
0.5227776427866053
0.3189965605932765
0.7682747086039461
1.3650256993456304
1.273152070765983
0.748011021796815
0.2421460312253183
0.8982834244424858
0.09752148973437524
0.3500904014801498
0.6165873625058076
0.6567849511662192
0.16718688090898404
0.8235672030126437
0.38021811427936214
0.5911035371664166
0.33019914826682584
0.7143062388836237
0.42746083702046417
0.4695575386485669
0.7087889765962312
0.31952487016340037
0.30206676301826185
0.5702179540981147
0.700932592451192
0.10920042064213042
0.4063724172586234
0.23196558775157605
0.07881271234635179
0.3096013773248143
0.3302313943457915
0.3543552108497341
1.0281174975009717
0.3543552108497341
0.6281946711489993
0.8002861460330482
0.50284654987908
1.00569309975816
0.24702277237277936
1.158970107304702
0.24392078178484766
0.903687691689488
0.44588193097245843
0.6690709536687685
0.42275549113771527
0.593395165830005
0.4110797186032249
0.6983212596147834
0.506672870504028
0.2953118544599542
0.4657260681097701
0.5717228253603309
0.0348606082837728
0.6050618851164824
0.004127115422376981
0.2704811240970111
0.6089867353893941
0.5342500765831
0.8084070633085272
0.6411939861997684
0.7175429499232902
0.7866757719080022
0.7363212493782685
0.48874117715644694
0.06648478838098715
0.6431346123098521
0.02674177356529661
0.9795563938358702
1.4883378991820688
0.051431352763889215
0.4022783398009251
0.08622320135773442
0.8557484424357913
0.5947651167739849
0.27890356697097873
0.6811670049900294
0.6352228144769414
0.6582319359654547
0.7562422681823171
0.7229202944228605
0.7348048012757342
0.6242992893422821
0.6764824905032216
0.41245678994018553
0.20194146782251865
0.5185279845364277
0.18301881905322182
0.4995231892772949
0.4449249363780694
0.0746638933108128
0.2949850267975369
0.5622385056508178
0.3777763953290843
0.4011073525429061
0.4283724483947915
0.16374908653523956
0.4000159606099719
0.9353597207166975
1.683198429539014
0.6061605789779025
0.20265133267495017
0.5464056183727894
0.7356316007746289
0.31337038702343456
0.6026681173915982
0.3657739711834296
0.7158504446734768
0.19938311368036965
0.5998136762633309
0.0810327803495201
0.5876553950178716
1.2622590773573406
1.558261769092138
0.6787093314432328
0.8382850333082669
0.5671378585296111
0.5533043973817175
0.32752481868835437
0.3928119397474821
0.7878982077839667
0.7447642517881732
0.4111210218554717
0.18915792962010292
0.461469885082753
0.20363538319395502
1.4681748964199643
0.8367471112607738
1.2227750015906587
0.05715776883798984
0.21124549460877073
0.8597504798782287
0.3982461402049713
0.8288324956253625
0.378819060875506
0.698132708165165
0.3779883852987512
0.6177109862537912
0.2791027863339721
0.9719354493544001
0.7354082871384229
0.5281258672047382
0.7233923888397585
0.5107665240263748
0.2700056331543337
0.08550960271317276
0.8697266983252634
0.08550960271317276
0.5023810117214511
0.19066554003574376
0.2568442553956434
0.291521039899699
0.18493036716802713
0.29985726810601887
0.4826692555479619
0.44981281285425323
0.3087222516474015
0.03288842296065431
0.3461926581391528
0.6069955340959667
0.5959347898310968
0.9727957281416696
1.0000067763730565
0.21739256011636487
0.432540459552347
0.189058911413176
0.04159062327285579
0.744079101838663
0.04159062327285579
0.9986657318275347
0.2864662451073361
0.47023398948504536
0.32886714494779223
0.5475706771002979
0.5235562715747046
0.5062511375716667
0.2350679324181142
0.5062511375716667
0.28168195312347843
0.4955541557691463
0.7146478340209322
0.6292127704828068
0.05275156945815129
0.3139451482880876
0.42878179007801964
0.4469135965093754
0.5103242590334445
0.1951715533612579
0.07229807008892541
0.3027733845109266
0.3941245760459004
0.017757670224878397
0.04907817795906344
0.38339547965384413
0.24149341662020607
0.18591085039591393
0.3159543208076889
0.36671852378907593
0.5588792352193823
0.25266736236455856
0.11281279871622019
0.7369226103220563
0.2782157990433509
0.2523888994892527
0.33950401639508065
0.16578418855862065
0.14248737758838104
0.6427195721213348
0.14248737758838104
0.37359424455651924
0.9133732752760706
0.9251288058596947
0.7804814144267112
0.1733430033058685
0.48587767009163496
0.11842973316511962
0.04072071463292515
0.3187647971248999
0.7353912382435965
0.253909340144691
1.001925780353674
0.6599056061200215
0.19066707046501818
0.3543665256276034
0.035988606681517155
0.2645380471760399
0.11878521593680347
0.37249336748412576
0.6688883075172027
0.4652465056858352
0.4525080915061901
0.40662613682295845
0.39655397923368607
0.11313583155757989
0.3385898751622438
0.6475649717441785
0.9054803171007849
0.2834484155541048
0.5202592847363601
0.4231671887990034
0.7182236531433919
0.39105617436209394
0.10010705796293529
0.6599907896038153
0.5617759289040745
0.26849377527244855
0.4944627883842272
0.5794613826437267
0.41968949022523105
0.0872635508224775
0.38744095422690483
0.06238046165115474
0.12679983248892812
0.08070267381672558
0.3610673714904878
0.1804625519422287
0.47091358810958983
0.6757472100454522
0.44088510483431187
0.1805694626466563
0.3825562175969063
0.1805694626466563
0.6387803728721526
0.29609724504574597
0.433467797685819
0.44286526280488525
0.7063659830735644
0.18495854966848224
0.026286785829769066
0.5982822225367252
0.9497006832115837
0.37648690100769944
0.3915118046827398
0.4230054557003271
0.20515976589864238
0.4967788092728682
0.8377618869215353
0.19617158912506216
0.09837624303476833
0.5397361252054012
0.42224967236655253
0.11671759710612584
0.00478162394276016
0.04690113224088088
0.1047332427145164
0.36573708521617015
0.8380019706009653
0.42805269237393007
1.0155782955179722
0.36840073275520613
0.3532392275683478
0.8342699136114178
0.3220044423483245
0.45570940075241473
0.2503756977279581
0.5147699609391321
0.8947510956771751
0.36607900568663343
0.5841174848481527
0.6453285607687111
0.7214258944038243
0.8415993689522892
0.5158085943467814
0.15004814584662318
0.22836355979658274
0.12034134030962029
0.33037081180825023
0.6722724746553246
0.3254181949167636
0.12950590741329482
0.2410389923605616
0.38137938608241967
0.2369721530483182
0.5327367568623975
0.05856147901220332
0.5327367568623975
0.5111030283084226
0.8287891041528823
0.5291728521014747
0.2862005120562259
0.26958067501897576
0.6985407324758688
0.11936002591711103
1.256717592831233
0.7877381788535338
0.3977294029962035
0.799543410918754
1.008723466491074
0.526775084922261
0.39071916104579696
0.5289212291437853
0.3806590555271323
0.3485693298126753
0.5609834388089145
0.5936567236525967
0.7619789379336417
0.43906193489325496
0.17024181684254058
0.29644603109260315
0.18174643522447353
0.11886633300920746
0.16324719264932241
0.22630041265652157
0.5473919584795723
0.27304025629439366
0.5898367275265726
0.8860308269806296
0.6280547571811572
0.6586183726911168
0.06623017378300255
