0.4519385221349277
0.1499112446445494
0.5158742295233737
0.7120521023359104
0.35050188007779104
0.057335976335068706
0.0507142001842098
0.26368259152853835
0.7660670427039097
0.8938420539261585
0.36368171286828055
1.1316158731073598
0.27402646374718076
0.4475422986884732
0.6311855080109443
0.2981223823579038
0.45449931911096897
0.6274508671911657
0.00856172408646283
0.5817091721645763
0.19096596845379488
0.6823178224834848
0.6049730981099337
0.46593401825919667
0.6839327463511591
0.42526568785816155
0.39823702292049745
0.13489313714675033
0.40198291426286303
0.02401999597417559
0.43090578324900325
0.43949265609301613
0.21374132905296417
0.3386631008080083
0.16188000811635822
0.37602954318198467
0.6755489432547408
0.5244642062367788
0.510612754330511
0.5578163974013801
0.11858818495424028
0.5958320155071308
0.23880812872155444
0.7896213929774425
0.1200067571791762
0.08038342815052812
0.6045815306867647
0.3145094022390228
0.10377733911656462
0.8712597481684701
0.10377733911656462
0.41639352063238655
0.2046381960205781
0.7724996079180255
0.473995578426496
0.2764327501531003
0.3598009331815435
0.10988181985235501
0.5990062127627569
0.0845017351543138
0.7312407728985
0.3993121935412409
0.5817737827189124
0.33977171180432686
0.22034766928913363
0.7307205423600212
0.33018369379784346
0.8443416889348053
0.5957342748837844
0.07583250944357811
0.8973557551703651
0.07583250944357811
0.6992127342216419
0.8470182842142489
0.7572582565067685
0.5615110027993788
0.31794485848606113
0.708434870056287
0.6452892143823759
0.9197164772590583
0.45977052332926505
1.1170126857681035
1.8841392868497857
0.7604895096328024
0.11782509556783305
1.0700714784834284
0.9859134073025109
0.21712256121451412
0.5048979334720296
0.28580256755558214
0.36088464537252163
0.15133991876589814
0.6940472670488674
0.36564604685923197
0.3788072783815788
0.8685645365181656
0.6435343954017052
0.3789602200285114
0.7174327702417589
0.07999128156773727
0.9875757753490982
0.07999128156773727
1.3852153600429862
0.6809989366056818
0.6459749357732035
0.5589342146550734
0.3899656533877799
0.4904898124604187
0.8171244332046704
0.08070387990556091
0.414404487885057
0.44043898533706666
0.1539149118504537
0.2751983605518125
0.5121787705271313
0.8103224596253692
0.4739608199506377
0.8760117295789449
0.050110595164343685
0.18865219207961315
0.3207792853269479
0.35234398844900094
0.7227689150225687
0.3207945046952728
0.3833591343163263
0.8313132853896226
0.6634103789570458
0.30202592144576146
0.28023173703475557
0.45744197360503636
0.3614404841829648
0.28701830895501557
0.6542607224809425
0.5173048456812666
0.2771791350634826
0.6354779166430278
0.7400887357553301
0.3072822659612242
0.5056001993943099
0.22212844901931983
0.2758492063799207
0.5713930876810864
0.32042960271062154
0.1471240915556574
0.3195904057016792
0.16574925544530394
0.3284054082217036
0.5299890098036526
0.3284054082217036
0.23958595763267243
0.5871897686892149
0.7690103202186865
0.6891978325649253
0.5584357250611438
0.5351896984303206
0.2211761750276422
0.4776241861215915
0.5323271158625458
0.4695827727463587
0.4007629034119189
0.3251039608594082
0.13651987860821269
0.24445665037225173
0.428600862036028
0.24627141105194744
0.45409137399269117
0.2845491102074038
0.03646293847576065
1.228420696057405
0.38046226171834086
0.08851775222924974
0.37800762568222335
0.23466946742860229
1.1894939562326314
0.12570426331151707
0.4919309092481985
0.1334319185279187
0.6511073952044684
0.15917648595626988
0.29171984716025645
0.2981413656906811
0.5962827313813621
0.29814136569068106
0.24587300627627803
0.24997763371447718
0.2960713505228405
0.48620492028343154
0.7839312403039251
0.72190505674316
0.21767374617503954
0.26455349354220026
0.11059443443284422
0.06686597373365188
0.22815409858141056
0.30173995272655896
0.06259124426613116
0.23100686159239325
0.2532526710013867
0.0970312718103159
0.9808643011379323
0.42417134032287107
0.5490072204890242
0.42417134032287107
0.3749667685127984
0.47570523120171604
0.03882433684448561
0.2559710746203594
0.4136277932710306
0.16741309578937602
0.18382972174414003
0.23470301772930002
0.150996469834612
0.028561790697681277
0.38550523566980377
0.7082120135880076
0.3448584459373414
0.5738310452754815
0.5345888861608137
0.3504878048060469
0.056377569220760204
0.05324711837790552
0.5623095198816159
0.2839975412918691
0.26558310264776375
0.1742035827040853
0.6387533853977176
0.23070837893536897
0.7996565003831035
0.3498307290710463
0.6283021562489035
0.12938863703225761
0.4892191793736824
0.8213589972897417
1.083949681977396
0.6143040313222086
0.4824196614960359
0.10365119322362792
0.528428000310967
0.45093604047957997
0.04455001962542582
0.09794798641350577
0.6572430455134295
0.5199908325609895
0.40829964485677506
0.13787868484117327
0.550954291675728
0.6351490455321369
0.3813403574566818
0.6327768315088704
0.08341002845747703
0.14005980220927228
0.7280898087379808
0.32362244463782197
0.36136691378681407
0.5632519137720355
0.575090399613246
0.37796374988917797
0.30636777608541843
0.17519613170275505
0.2970354008142685
0.9806131848555495
0.08745400740357906
0.6823502787866951
0.2984439193324194
0.3350426846705512
0.1849444032032015
0.10687910366361808
0.04824785746220539
0.003881045833402763
0.5160203356352487
0.48615022048784
0.357394422494441
0.5517120195327616
0.2641244800451426
1.1703639266065622
0.46857154221660924
0.7183704238218178
0.8597703229801708
0.13052028549381056
0.4317132089848914
0.5377362652303146
0.13902433754020116
0.2946985605255077
0.0794216369637275
0.83469084212946
1.1086424411952793
0.7308383158349624
0.07363091599194926
0.5943777858620106
0.2684999236489425
0.3855743483988367
0.22989557085485424
0.8124314436288981
0.10365996825975299
0.10365996825975299
0.11793237738576723
0.551332787559129
0.2079215738625364
0.39154145460003376
0.3897192892391983
0.21546550202231352
0.551332787559129
0.055173300766692135
0.6481523877881288
0.055173300766692135
0.3918418758084856
0.541216657135489
0.21682930816037255
0.5660348038118455
0.35164516678965907
0.22970668325920637
0.8219489254636017
0.5024245260073982
0.037906856522027965
0.5967338197295975
0.037906856522027965
0.7219395100766475
0.7162623514942519
0.869893174103515
0.7910139371565634
0.27208149767342205
0.42842674324946595
0.09058328934509241
0.47102474996664334
0.32918160394449414
0.047734803883311194
0.2014028069714356
0.5113164858830193
0.23203396704254564
0.5087291215409442
0.7366165912447664
0.45518599006273774
0.12528413139312633
0.4002258190166367
0.724079627979151
0.21405834491893638
0.4049461278378623
0.1204319622900778
0.32717646504363396
0.6096820165656711
0.2672461607512524
0.04522454291697553
1.5954886199247431
0.47026151357760004
0.45207812215393206
0.6123511241713229
0.4857771163179663
0.17684033248731712
0.23254051104952211
0.4881987539910318
0.5138861743593908
0.31605313521968353
0.523629943376934
0.3193857767320134
0.021120849520145396
0.07087420346385809
0.5684187347627595
0.15833025031551928
0.09688367602372416
0.1582096876039305
0.34440736871929234
0.667505857024115
0.4399899386116859
0.0036399527292658718
0.5075845149926481
0.8534999616557868
0.8905675436864571
0.1509774370640251
0.9674098166891416
0.1509774370640251
0.5567879621291465
0.22466498657902445
0.2120587752488805
0.22466498657902445
0.43483059445609307
0.2124327146275432
0.535426612109639
0.11284454986686843
0.43713633241095184
0.4977889485010334
0.7767570080069749
0.5037655238386003
0.6684158176604095
0.38944775815446797
1.1682380439234281
1.9931233217685533
0.2948358521184813
0.4061018834425748
0.46832037062086807
0.36389470530174206
0.08335309590970841
0.9083574566567341
1.027456909008027
0.6629974663601989
0.656596331086015
0.6885537554073166
0.3406963349066836
0.14851749874433384
0.3488337520608198
0.6239459625387687
0.18601912997754422
0.367583004584088
0.19762782876460516
0.9505031278691431
1.8165666340908282
0.8028827687878404
0.3629159015031764
0.7616605535003722
0.3914597188569928
0.3937936993050514
0.27736305606228173
0.12259202559492122
0.6937052063737662
0.37281357438470675
0.530064526435595
0.2756805387609953
0.7442455852342809
0.08888320780343317
0.21228538488680115
0.30034968622576597
0.9107370982605247
0.6262738114906873
0.38082408150979963
0.4764762632153787
0.7673555576018992
0.5749259885252882
0.6288258484644641
0.543235619152264
0.3888518843043224
0.5347480527040027
0.09700057797077788
0.344550490627189
0.6762489912881822
0.6543704642880894
0.26529775397994193
0.587591970143583
1.0123288675066582
0.13381148739148507
0.4789449639284162
0.1551789584374461
0.05211514749315782
0.11365550554079418
0.5352534405663021
0.11365550554079418
0.4215979350255079
0.09432722720192355
0.5319645108224353
0.17224709405622374
0.6700456701592264
0.6021809245592625
0.371030544090984
0.7649290125221815
0.22826391190480466
0.4566687970956017
0.06139157191713207
0.5997348848672843
0.6241968874845412
0.35286106306982523
0.387417853699064
0.3045357547915324
0.4455268293305368
0.47029995260659563
0.26829730698719034
0.6547213882212882
0.15840975574404065
0.0792048778720203
0.1544383895639596
0.612478802510882
0.358520943329832
0.45804041294692244
0.16856554491922404
0.4852538931589505
0.16856554491922404
0.04581481111842134
1.356347643643069
1.014431323978112
1.1284034305330977
0.832515967075363
1.0939445152985732
0.34317014245725574
0.5937498297058453
0.11536007359019274
0.06605785475217463
0.11873059413392437
0.3972547025063038
0.11044039888421775
0.594632048262221
0.6246464853172704
0.4094722089635807
0.10028080353972757
0.15858634873015232
0.056559734648461646
0.2622100436242494
0.6856315968421719
0.3738607895475723
0.4595482196090481
0.7142121304205715
0.37418024253958193
0.8565656306424416
0.5307249697199832
0.014439187747659843
0.18328750052426632
0.34293128697997216
0.6790728086679898
0.22001817140195218
0.20775318650012053
0.3455336710964181
0.03306578479653499
0.3363495451101519
0.3007673661961179
0.7948579417529897
0.48636170896037
0.5391158721696987
0.8192088857617432
0.37687531740842706
0.5455423404765884
0.3074991127983173
0.5730389637978686
0.2438870886292155
0.43253266979840854
0.7392092742432541
0.12210752832100857
0.1666811678933544
0.4199377258931436
0.10418667762627964
0.2853026050848788
0.3295887489530974
0.27634085853260926
0.4007411388801777
0.229350327846098
0.22685746337959078
0.3748491139225414
0.4002302238950921
0.4177448080526509
0.33875227585970835
0.11685113892037435
0.26834560754646936
0.41613419028565
0.3752868533878121
0.07725674798083902
0.4361544143803042
0.09347155309715882
0.20255764975308255
0.452963360816552
0.36250509962166966
0.12670950148287297
0.5539495169561595
0.9654152269772637
0.7489858901169709
0.5423991703158421
0.8595823669813594
0.7063600324478352
0.04365366239026658
0.11933524432459741
0.3085006981238989
0.03202940668770804
0.5077082283989767
0.41819849361432393
0.1516646059302147
0.13178862671423275
0.2635772534284655
0.13178862671423275
0.5268661598163926
0.29002841872855356
0.14501420936427678
0.2128010893123693
0.6086991062606365
0.7634920254605633
0.5587361157991368
0.6072989530201363
1.7196697334688678
0.31004058819223745
0.42134921121374
0.2169888177272794
0.5663990372518741
0.2169888177272794
0.9024785556818233
0.21776830278933956
0.4080237951232497
0.42162015490430127
0.6762697020053292
0.31992273788197956
0.2311846327067033
0.3812972647247679
0.21517848011637436
0.30022526403612915
0.5445280146801099
0.9797054606068812
0.41932703557282874
0.31937969856262893
0.2687399814499263
0.09403212622788004
0.10207624015218464
0.8502582400007705
0.10207624015218464
0.2033970156950602
0.44013728021707266
0.8452625502405198
0.47348052904402493
0.6280487331844538
0.27345865032466143
0.5753745998698596
0.011480132209209515
0.6637456994877207
0.011480132209209515
0.40013361768916633
1.06756195353641
0.0407993086981524
1.1323056930932869
0.43146512033684914
0.46486252593786714
0.7374398731017737
0.5714900255935564
0.11321133247212511
0.2049363329273044
0.3122118020015274
0.6876795640784642
0.21455093814844606
0.2492063535964184
0.8522661394660417
0.332336057021994
0.10841029618202969
0.8792250887402816
0.6645847455148054
1.0651870819740439
0.28284939883127747
0.5521358317607001
0.022742839982341945
0.16873313207929996
0.59647691267052
0.3610735501368101
1.3358179672897819
1.705206565343648
0.06862933145915595
0.9664293692359158
0.5645314214733799
0.5261493734485385
0.04897289922696624
0.4690095698447614
0.6554956937444152
0.49344966136863255
0.2875147782481404
0.05095502870064106
0.14233457945464956
0.12767262963565607
0.09475615701544182
0.035431579237415356
0.5555792591998405
0.3492341658166449
0.017953441919189017
0.39908627510295014
0.7484607244853531
0.3148461523178585
0.52887732670527
0.26131415715798756
0.21276011805799389
0.44297893829496293
0.5139353804168182
0.845306413852217
0.16870564467786542
0.400058801795641
0.05470711684934573
0.3435199967439341
0.04771360005420704
0.3982271135932797
0.1897560904370166
0.7267958433529624
0.3869920178757102
0.7648148150209861
1.1995922121868894
0.3148595880158167
0.4814049326480436
0.21011960870499635
0.6327724474410044
0.43639439642158884
0.7019418802043949
0.27546689349300646
0.46106456339876933
0.2886966284728283
0.580435301519973
0.3678434111916338
0.5557748026343654
0.5991484156729179
0.4966167520996147
0.1604202426527046
0.0969982003795784
1.019664960620113
0.1885241856250719
0.32072481339413195
0.24285842741920324
0.5270739220221831
0.14939624639779248
0.6361957546146559
0.04600140435223521
0.5685621071537001
0.6879906309578148
0.3190968527952722
0.12564357289936812
0.6797398530531522
0.13788309361694084
0.3373228551358711
0.20511940375518956
0.2706720444524717
0.36760838675884416
0.1405262364946005
0.11504403200792679
0.15658316113719717
0.08789092286390976
0.41352841111115346
0.826478882496783
0.35620853835132404
0.40820012860661814
0.3754680019596486
0.145899975861
0.33605305077474634
0.7014200012099506
0.03361123738669258
0.986153632994871
0.2694669996525061
0.10098624368353937
0.7216554013833516
0.3608277006916758
0.02677797975127416
0.8237474396701502
0.42653066966530406
0.3619073441129941
0.6324396397790969
0.08760170481019114
0.02258851831273767
0.704708223387711
0.37335632547776054
0.06744953866606063
0.8921114914543946
0.7943958038055594
0.4034750962481123
1.0910014871023208
0.30913024331597194
0.6771598001384225
0.31874599093864475
0.1410678455178913
0.5488780437225445
0.3138958520783117
0.056365735193629085
0.2895308720724318
0.48512835092786766
0.2311247608497089
0.034041131216842935
0.11164972551728303
0.5874889779083556
0.8341850545242468
0.07243583933733833
0.2300851000371944
0.05676678702065452
0.9666841957703389
0.6479919989251304
0.4159092323551823
0.7955440712464071
0.41382902020124623
0.25021922523825335
0.15691084616554796
0.4482662097812029
0.22227491367307795
0.18653107185791784
0.4482359425363973
0.05925450384450226
0.3719875431571289
0.30974655241325455
0.18439475648302528
0.4980714657806585
0.558420576540598
0.6788119531468134
0.5688393937141556
0.3739661699166119
0.15151626228916365
0.352401242811326
0.2697909139003335
0.5395489337731962
0.12732074518150588
0.005316978801878758
0.271676410015227
0.5225823285478384
0.2991442259937815
0.600462316358402
0.48408839596979575
0.6784021868414947
0.25515196889010694
0.8333875616582678
0.12119582225296566
0.5304979140781274
0.9544763071913889
0.44838615399454884
0.12519516536205888
0.5013252335487994
0.12519516536205888
0.6213490643112376
0.18330557951593018
1.0431708906794626
1.048479415372407
0.47023707035785867
0.8884462838874212
0.3219050270324872
0.3114879231287351
0.19494093275198
0.4752767252403076
0.28811323965713953
0.4958895171488118
0.9709504696826678
0.37405323947426794
0.5252624882144039
0.2522169617997241
0.16244307654904444
0.3901234592369279
0.2369277102173457
0.0036968288800882654
0.08540496642910633
0.03069172604554793
0.18933903184768885
0.3804186774794043
0.24874987665179482
0.5396999367605506
0.5514917450912638
0.05546412570258319
0.4522689510127069
0.200512112087304
0.06604794357865422
0.6573269981679221
0.09333412669684904
0.11085212879318951
0.27467010708792516
0.26728946240277923
0.5910613162126455
0.40294765775776353
0.8348693588293179
0.4029476577577636
0.925272712222962
0.6156742217251026
0.925272712222962
0.08690658136431928
0.2161095798308139
0.485947636451455
0.4400635931521979
0.8623115849510756
0.3140559959543321
0.6741368715728546
0.23406964798486207
0.2964518769987645
0.7646284933535212
0.2861893900065291
0.3434494787119844
0.2299538970789543
0.5963898787586084
0.27118211204173054
0.46700210597681463
0.2955672951871368
0.13383235970540763
0.27416728981754324
0.14972215960922708
0.925380418496478
0.13946956086382145
0.6217173732481972
0.601203289765662
0.3683074573321211
0.20928029333216291
0.9423598231625316
0.15525577459907502
0.9423598231625316
0.0008883989942112258
0.7718258407455534
0.20087935786364608
0.575442617735888
0.39645646558368386
0.15148625750291672
0.2992471200806788
0.6834975755175897
0.461406176917442
0.5964512003157642
0.459342203854062
0.25686983994316703
0.07567464842239602
0.263028845897586
0.5166212541546349
0.15438723623117845
0.7296249015716665
0.4288437557348086
0.05339230672544204
0.21735864834975294
0.6059489816154344
0.4965965426421539
0.13717515796671176
0.00326605798173496
0.028252364131880814
0.11793758047709624
0.17673176203295682
0.09639900558964254
0.048768083976914456
2.119181596629252
0.6849714207011409
1.0083524295184594
0.5041762147592297
0.3639293176192151
0.7278586352384302
0.3639293176192151
0.058367414478789126
0.1333468030788123
0.2632960832052871
0.22823203310962192
0.24286057792649407
0.1186503002792616
0.6156633463300856
0.40685562327286334
0.875056055583288
0.6278804823217109
0.6327999821695921
0.33254751624084317
1.115774210402761
1.1547762237766603
0.7909857727363279
0.12583306007823003
0.421171808389456
0.07239701344781313
0.23424121889306457
0.5920621290752816
0.5144153615509954
0.743289937069114
0.38510797636293803
0.5357804249803908
0.03711902152051105
0.04883689469540209
0.7630931701172025
0.04883689469540187
0.512636796703327
0.6566224308765602
0.007547999841873931
0.055525529833390985
0.11554977196866112
0.418694635152532
0.030913632483022813
0.5298028947731637
0.7324415844594294
0.43337367887579425
0.39785485705417245
0.6310713332118333
0.3384432781221928
0.41686332526712205
0.022199817974395852
0.5561553373792064
0.4479537806502883
0.3522563118938262
0.4017547116252163
0.19541120954161295
0.2556258383101575
0.4308952790668905
0.3937051062174272
0.12545748182370708
0.2646299921783477
0.41986467375992564
0.09979873956866747
0.20699016437713613
0.6854924202717836
0.6855670734198012
0.27136278522147617
0.3749325205580618
0.5032721732387975
0.8928194943684591
0.4100159875680787
0.33245094600084
0.7833928618629926
0.43745218778340833
0.37268786000114895
0.6037208967751604
0.3263363146829972
0.4767200524681443
0.4495290114659438
0.48431756222968136
0.46461422282789244
0.8963770146911381
0.3591303370463382
0.37819971130555946
0.5080025438092107
0.5201177820808975
0.33125351049690144
0.32504447859847563
0.22138692895863699
0.30429421195339107
0.8053756649918462
0.4276566661762313
0.3281088759356634
0.6033191134200002
0.07590092015653169
0.015695726735025617
0.7900044593168642
0.12308852305000828
0.09894672984592212
0.158732689782348
0.19025049751275808
0.6282809318661478
0.5458725376588138
0.7930977202808156
0.7106893260734817
0.4082802217927841
0.2634675518253542
0.6082558571051138
0.5154911993601757
0.3351086738263014
0.16882214805155904
0.0871140823457135
0.6228216830535218
0.42412728051716997
0.3993969637258772
0.26765451793032147
0.5511480863075398
0.35144960444460116
0.706035894708301
0.3902730624420112
0.352283256458004
0.850717660200463
0.6528644427008503
1.088609557825885
0.8188524466559581
0.33290091644209685
0.6459356407586796
0.21812388192385423
0.49095556410699537
0.09518785358579684
0.3442946913185827
0.6885893826371654
0.34682883754515603
0.038323118739882034
0.002151068635400488
0.038323118739882034
0.08409988404004065
0.3980927055685185
0.6542665615648264
0.3222472727484199
0.6767724714488736
0.3305017239683621
0.23863883649758888
0.4097467748172301
0.497640629256132
0.5842953908758779
0.4227150052644726
0.060017787555617375
0.2546160311124481
0.45196909469020197
0.623393336046873
0.6133691366040437
0.732403509028249
0.7118130407317453
0.21743535742788955
0.3534024113506333
0.6104614093494227
0.8050696296612097
0.28633991724257735
0.06428182750220746
0.1505533357575748
0.4145966581015592
0.7937472336455542
0.14857382477573844
0.19236343206063466
0.005214044209039148
0.0335793402543656
0.14870134743717944
0.5751711046266692
0.828123503783428
0.45430023946543363
0.6734584341134533
0.3260714497974462
0.13974657178033728
0.35130679830198963
0.11126868100364382
0.4123143385003421
0.06600668003261728
0.5133674687083876
0.4629928164499123
0.6551236247639138
0.25925387157803453
0.5329322464377578
0.7120847073845775
0.20212099556300278
0.39731102857830125
0.49598524392685417
0.7516700248570071
0.45154480485081705
0.581297149503993
0.15041814988588076
1.2550279325462004
1.5316443759189644
0.5321507955145957
0.7247743177634307
0.03779854762550894
0.1402474147748869
0.020995123396870596
0.26485830561559487
0.9926611209089993
0.26485830561559487
0.7535791311933642
1.0181594928729538
0.5090797464364769
0.6309777692159704
0.3424847197842171
0.5958707735539014
0.4543306226146523
0.27143371486771284
1.7984039141660866
0.7948237201309512
0.40952029764573694
0.28293471525180824
0.5704214789192719
0.38391829456167237
0.06337925786853482
0.7362033717119658
0.4740598675493868
0.6043241700208362
0.04912974430599926
0.3053741281427529
0.17176834423466314
0.8023135192974129
0.569202556003179
0.1554053515898553
0.3437402523996839
0.01316319927976628
