0.5101511668815866
0.8293556557163144
0.4121849786697833
0.40787229706891703
0.903186858256986
0.26865575182717993
0.2166008408281801
0.30568879065369875
0.016459837571986657
0.31918532511971465
0.00827221611166129
0.014921558528176337
0.6430409271027
0.3971484052018943
0.42154253692775967
0.5390458291301705
0.7147484600357679
0.4297455040090794
0.8273651190124152
0.3654937259975921
0.157202863431666
0.7166129311171927
0.18531882864669835
1.117996241075524
0.576659001436481
0.4841032736280519
0.425102780585803
0.21159051936903028
0.08120544473686131
0.16793947797297193
0.39460017904012634
0.26154999636704535
0.758088461072767
0.43881621231794066
1.1680010637030085
0.6731642572284073
0.002077445014392554
0.19096319074653656
0.31264649407131395
0.008972823605855051
0.13344101895486715
0.22673821748159106
0.13455459810939363
0.4563675849074661
0.01600989832630839
0.1318392426563082
0.19586981617572014
0.3424022931733761
0.5629750960545927
0.4152363353546082
0.23718736098797175
0.06277756302414983
0.9072654710149605
0.4992793016555521
0.3990179288496196
0.2624370592638616
0.46693188695580456
0.5668324239399798
0.49140035946162275
0.10235415714626939
0.12157945418802996
0.30025131431049534
0.10534022561224177
0.5685223579821761
0.529574644490592
0.5685223579821761
0.7039803109956768
0.6077555977060316
0.3038777988530158
0.4519385221349277
0.1499112446445494
0.5158742295233737
0.7120521023359104
0.35050188007779104
0.057335976335068706
0.0507142001842098
0.26368259152853835
0.7660670427039097
0.8938420539261585
0.36368171286828055
1.1316158731073598
0.27402646374718076
0.4475422986884732
0.6311855080109443
0.2981223823579038
0.45449931911096897
0.6274508671911657
0.00856172408646283
0.5817091721645763
0.19096596845379488
0.6823178224834848
0.6049730981099337
0.46593401825919667
0.6839327463511591
0.42526568785816155
0.39823702292049745
0.13489313714675033
0.40198291426286303
0.02401999597417559
0.43090578324900325
0.43949265609301613
0.21374132905296417
0.3386631008080083
0.16188000811635822
0.12909232606844068
0.2571677682417648
0.39548760889254186
0.5519083553992464
0.08237304277614133
0.9689874267642682
1.5476591410785234
0.5392467288764975
0.005352161063493455
0.5438704368061162
0.4944695823752463
0.32197687081618387
0.9400394381706287
0.7029975467838603
0.5230513736741504
0.0966317398692289
0.025884755068812382
0.20610156688975234
0.0709548902510786
0.5823446343567831
0.12830311437224362
0.4474087350867184
0.026032930424310763
0.5118578031577607
0.026032930424310763
0.4183948733729492
0.8773804163331964
0.9038005189034894
0.44573148819341457
0.5540940593302507
0.2331222547309416
0.1509363963428012
0.40222505515542606
0.7827246661794383
0.29403322871046744
0.3563938706565657
0.5438534798485959
0.07402875601173164
0.5070956059214566
0.3351449564496003
0.5741532352635975
0.3109117728101165
0.5488135668632113
0.010668221442450665
0.4759479840681222
0.2744031532738941
0.14063173373211568
0.3311025615325354
0.5532546008277222
0.3215224817487543
0.013981160195968512
0.31290646881391426
0.7001239230658455
0.46946454092371237
0.2538801007183193
0.2899341587472881
0.11376366257995874
0.4681363014311479
0.036814663450771334
0.21907916640286107
0.3388602827647613
0.7145105121139164
0.36592876087983495
0.8647671160744883
0.7298222747155783
0.3403955293293741
0.1696070340329443
0.3881333285886186
0.27066830597052177
0.5480778843497539
0.5089170736727766
0.7538494042885171
0.6346038248420536
0.07844477095410163
0.6847147731675138
0.24924612013969294
0.5523340852212855
0.9535453153073538
0.13213928203922853
0.3889467522385131
0.27524835603730424
0.16413933161351135
0.3672142124380362
0.6915924926312265
0.7954704049601542
0.7174124466587711
0.2696570067491413
0.1417285932892911
0.25655534954369674
0.4884867713672947
0.33178544294535
0.06956206498632245
0.3119308003510479
0.6644900197943455
0.89240347025626
0.739654565634642
0.6284067663300354
0.7008097726062075
0.8932656007656457
0.7201457428617752
0.3891632530728888
0.11004891797881466
0.2649545528230459
0.2344513264510737
0.48890968476120955
0.3783294332379683
0.2376143922346845
0.2977481563201233
0.09166443374391875
0.16680237858145686
0.10966116840896738
0.15630879174423962
0.0808044243518311
0.14052411267832965
0.26691906122306874
0.2608867964550908
0.20649871228210537
0.30057831527906487
0.3477312445014036
0.45124096255114576
0.9024819251022915
0.2323055121961981
0.509288742466385
0.36886011788121764
0.5901298913752546
0.3354855201420621
1.069192851420158
0.40329653001684884
0.691507243245859
0.726398487166881
0.6849708597156126
0.33253799230442493
0.6729652744463387
0.14327315193417012
0.3209205290080641
0.6466305181508769
0.37064992579255995
0.015355171644771959
0.5899136876256388
0.0847139275650477
0.31996165350627104
0.7098761189928955
0.38802940850669776
0.1683394638819662
0.37602954318198467
0.6755489432547408
0.5244642062367788
0.510612754330511
0.5578163974013801
0.11858818495424028
0.5958320155071308
0.23880812872155444
0.7896213929774425
0.1200067571791762
0.08038342815052812
0.6045815306867647
0.3145094022390228
0.10377733911656462
0.8712597481684701
0.10377733911656462
0.41639352063238655
0.2046381960205781
0.7724996079180255
0.473995578426496
0.2764327501531003
0.3598009331815435
0.10988181985235501
0.5990062127627569
0.0845017351543138
0.7312407728985
0.3993121935412409
0.5817737827189124
0.33977171180432686
0.22034766928913363
0.7307205423600212
0.33018369379784346
0.8443416889348053
0.5957342748837844
0.07583250944357811
0.8973557551703651
0.07583250944357811
0.6992127342216419
0.8470182842142489
0.7572582565067685
0.5615110027993788
0.31794485848606113
0.708434870056287
0.6452892143823759
0.9197164772590583
0.45977052332926505
1.1170126857681035
1.8841392868497857
0.7604895096328024
0.11782509556783305
1.0700714784834284
0.9859134073025109
0.21712256121451412
0.5048979334720296
0.28580256755558214
0.36088464537252163
0.15133991876589814
0.6940472670488674
0.36564604685923197
0.3788072783815788
0.8685645365181656
0.6435343954017052
0.3789602200285114
0.7174327702417589
0.07999128156773727
0.9875757753490982
0.07999128156773727
1.3852153600429862
0.6809989366056818
0.6459749357732035
0.5589342146550734
0.3899656533877799
0.4904898124604187
0.8171244332046704
0.08070387990556091
0.414404487885057
0.44043898533706666
0.1539149118504537
0.012389861012445547
0.06297304888262323
0.3497992573778341
0.46452708204511683
0.4166336299832909
0.2832539605320914
0.13103545478906575
0.048103486133280526
0.4165229591436541
0.6155258047959389
0.10629165210766689
0.4470767301793061
0.32251927382621304
0.3121469431294923
0.1348303960952597
0.9849415554009224
0.6901237242271776
0.1584547738328066
0.27918999715729886
0.0046750886847783946
0.08769076150095634
0.012251660484327687
0.3361411531743459
0.3503327660547285
0.3132967767393699
0.13454066035704915
0.23530966014630372
0.09888035014921392
0.1499940978780291
0.2790766238819826
0.1179091340260855
0.12372111008922726
0.13793268380343449
0.0598561595998115
0.6516022500222203
1.0382195100283278
0.14272228774094486
0.6473505193297688
0.14272228774094486
0.08509887232528879
0.34670888389946164
0.3015847766699573
0.5525466066630318
0.21750352124269323
0.10921647269203216
0.2661039600344477
0.4567771585408269
0.052824842518685244
0.45340075669498486
0.017205756440858977
0.5266289396348425
0.5394469065194986
0.6951548138038013
0.6556571319863367
0.5962715441178519
0.6184422701544277
0.08651397351233536
0.49962160724344473
0.6604766955702497
0.14326497166040242
0.590866085135192
0.42651335978452676
0.400404605824356
0.3395787021722968
0.5581620069290617
0.5473728536313159
0.42736203224049907
0.31853786668726425
0.46803080207368075
0.2745982185275988
0.42908337411422703
0.4332167530894313
0.554055731241208
0.2098294734510957
0.4720896916985131
0.2173388011383386
0.4443807314458148
0.8836978750076825
0.2841693672944441
0.8765225875428376
0.7722223210629862
0.5824927441494756
0.5983743752382384
0.2879973946133618
0.5039878320255777
0.3112927059172337
0.7039763524409097
0.251812382422977
0.13878067500239055
0.2751983605518125
0.5121787705271313
0.8103224596253692
0.4739608199506377
0.8760117295789449
0.050110595164343685
0.18865219207961315
0.3207792853269479
0.35234398844900094
0.7227689150225687
0.3207945046952728
0.3833591343163263
0.8313132853896226
0.6634103789570458
0.30202592144576146
0.28023173703475557
0.45744197360503636
0.3614404841829648
0.28701830895501557
0.6542607224809425
0.5173048456812666
0.2771791350634826
0.6354779166430278
0.7400887357553301
0.3072822659612242
0.5056001993943099
0.22212844901931983
0.2758492063799207
0.5713930876810864
0.32042960271062154
0.1471240915556574
0.3195904057016792
0.16574925544530394
0.3284054082217036
0.5299890098036526
0.3284054082217036
0.03585864901175917
0.49568093329220053
0.4119637079186864
1.2357990475008669
0.6573701393937297
1.0034538701895892
0.20332939362118108
0.3517360938587073
0.19781634397306824
0.6794499885751337
0.023130239760100757
0.3377608624681474
0.5531803679959948
0.550258071363724
0.5312176439204865
0.20715812138152345
0.09040860483052082
0.7346631103455774
0.6452489825303038
0.40958921434511275
0.2613483811905306
0.6591447838097277
0.15524263217871592
0.2937342001930636
0.6087575912398284
0.3214232526865552
0.18201729970472336
0.43566642217549933
0.23964480342503336
0.9802476043292077
0.7746590617348086
0.20048106304952218
1.036278311471806
1.6322532618695975
0.15681593433237584
0.7442446355790153
0.7763005387486498
0.23853917653341838
0.8237042998849358
0.9601085531391309
0.44984948405957903
0.5306633222421953
0.7587158007237185
0.3740265978536499
0.6133518408156831
0.9252205935641271
0.5103694494711439
0.3211765083253795
0.6030816115517146
0.3890024178072071
0.09340046082227116
0.6230814855175284
0.3969603217964368
0.6484150162108517
1.0733143558286182
0.3725471756564771
0.4470313531861705
0.2771238909672049
0.4220688319599004
0.5342028057320458
0.23934782539421917
0.6589940366515412
0.42248200557063686
0.7972562558613678
0.3787171405315033
0.4329229633015542
0.38756716119717693
0.5343334990722968
0.32782751112110997
1.2271693486653845
0.8436296172506488
1.2407266041886107
0.5236758200176199
0.7468938569275174
0.023698336720649138
0.4322265744535807
1.0624652145300693
0.5020497635432126
0.3960241312458157
0.754344625951453
0.2625411883955131
0.13127059419775655
0.2370426577407212
0.37024497059819184
0.5589583228842632
0.6503925331912028
0.9101491421967338
0.5274097712607375
0.26280054282370746
0.20612452562982497
0.41224905125964995
0.20612452562982497
0.9824707791986116
0.40842853478252295
0.37530914511734714
0.6924925787216156
0.5074726837193033
0.3135248220667852
0.6988350275235794
0.15186856297661233
0.6223667790244445
0.3507153112386874
0.6223667790244445
1.2202099718376092
0.5401624776961347
0.40282898521331667
1.284796462466498
0.5892622955873321
1.224534521877402
0.05411818267439372
0.1304937294177373
0.03703787983498685
0.41558692841990563
0.20482409305133054
0.4273458050629291
0.22575703622033969
0.017232347413214555
0.2866036776139165
0.10493665901648264
0.14650445545342672
0.38949672531997925
0.6808507999735081
0.07234880059482807
0.35413549947490575
0.12260123679595569
0.6946830174036629
0.7322869128524676
0.5602881154338828
0.0854359772688369
0.22546957842629922
0.29371280755844076
0.6033890583344341
0.7684112349194532
0.04628655464214537
0.3701368096377695
0.5429230041416552
0.4895315340360824
0.6808962893396773
0.17047693073102543
0.30344595838526556
0.9062840098155884
1.2780034368310724
0.124598327919895
0.5688267345410299
0.4924241194309936
0.25577376668167817
0.06637439027480174
0.4704453904084801
0.2317251193630957
0.4733795746368979
0.6096040760416619
0.73522215072293
0.6468379680734277
0.23377828992198513
0.5680476986545602
0.5286201777392152
0.603277278481654
0.41981150355524566
0.07461413344846202
0.3259425414634589
0.3926314479724293
0.32510481946881953
0.20906802978298344
0.6819545278539656
0.21613050444454718
0.7758941764002638
0.4052144396380788
0.6791439060879155
0.5985711933881177
0.29988791574452645
0.3803091520852207
0.04151594809882342
0.793772365082466
0.42787773035502996
0.18354771126753078
0.6505574301902206
0.47127593263123124
0.3894276489378792
0.38848459019506076
0.3066952007847652
0.30326737367028356
0.05972540158805151
0.7008615490827381
0.4875950775012301
0.29541410203078877
0.5219661802573681
0.11005582512917256
0.06557066062011963
0.14213498551708637
0.3991838875740781
0.52345839799987
0.46781154272019326
0.3615293163294422
0.881144784908328
0.7030964547698364
0.4573573751475619
0.26794097416448626
0.6750951384769474
0.5869071262946618
0.32219007727353177
0.025703878065193475
0.43235088300341895
0.2008288884819358
0.16009952316173542
0.47701047466917956
0.18829801521410583
0.6432978520745964
1.0178822643109604
0.43609906535138
0.6498242534618696
0.44064222342442605
0.5998106227481927
0.14385419451618908
0.3067549285950564
0.7170898648701267
0.38610266480116984
0.08469504132687167
0.12402365516626812
0.6511364437304499
0.2532442064736875
0.5688433260554779
0.10495633121785097
0.6210999458089193
0.6062540807727013
0.33378683369612894
0.015974089001728586
0.8468266354653049
0.34031054757401424
0.9878660859539923
0.4066168162329209
0.8879668142956225
0.35768096425228907
0.12039523610985492
0.23958595763267243
0.5871897686892149
0.7690103202186865
0.6891978325649253
0.5584357250611438
0.5351896984303206
0.2211761750276422
0.4776241861215915
0.5323271158625458
0.4695827727463587
0.4007629034119189
0.3251039608594082
0.13651987860821269
0.24445665037225173
0.428600862036028
0.24627141105194744
0.45409137399269117
0.2845491102074038
0.03646293847576065
1.228420696057405
0.38046226171834086
0.08851775222924974
0.37800762568222335
0.23466946742860229
1.1894939562326314
0.12570426331151707
0.4919309092481985
0.1334319185279187
0.6511073952044684
0.15917648595626988
0.29171984716025645
0.2981413656906811
0.5962827313813621
0.29814136569068106
0.24587300627627803
0.24997763371447718
0.2960713505228405
0.48620492028343154
0.7839312403039251
0.72190505674316
0.21767374617503954
0.26455349354220026
0.11059443443284422
0.13998949566032115
0.30577009620793705
0.13998949566032115
0.33998728453417293
0.5929817396167323
0.29649086980836614
0.35370103633634375
0.7243024494647038
0.32116878327898024
0.49848578091771417
0.22661420645665942
0.3747119754507082
0.6253793033715018
0.14975361137543663
0.3795272255668706
0.12228354947056153
0.6111645746130397
0.4626809255793196
0.007831137817383205
0.06686597373365188
0.22815409858141056
0.30173995272655896
0.06259124426613116
0.23100686159239325
0.2532526710013867
0.0970312718103159
0.9808643011379323
0.42417134032287107
0.5490072204890242
0.42417134032287107
0.3749667685127984
0.47570523120171604
0.03882433684448561
0.2559710746203594
0.4136277932710306
0.16741309578937602
0.18382972174414003
0.23470301772930002
0.150996469834612
0.028561790697681277
0.38550523566980377
0.7082120135880076
0.3448584459373414
0.5738310452754815
0.5345888861608137
0.3504878048060469
0.056377569220760204
0.05324711837790552
0.5623095198816159
0.2839975412918691
0.26558310264776375
0.1742035827040853
0.6387533853977176
0.23070837893536897
0.7996565003831035
0.3498307290710463
0.6283021562489035
0.12938863703225761
0.4892191793736824
0.8213589972897417
1.083949681977396
0.6143040313222086
0.4824196614960359
0.9378161900290829
0.5598102607761875
1.0312443916082632
0.0252781925501373
0.6279602698052305
0.034623387121380134
0.10982704865287651
0.5067524044503564
0.29103704187540114
0.3969253557974799
0.19306676944202117
0.9873066023673953
0.48853998080535366
0.5061609553505195
0.6061170260648452
0.779571384614185
0.4725038351738986
0.18974812255959161
0.5204660265997414
0.5806849290397142
0.5965958884147318
0.43519592287655257
0.3776943282163465
0.2035664770810115
0.7674048613862814
0.708813005010053
0.557218346824031
0.13506424655631832
0.776326133036181
0.3063205096894137
0.4394379310654579
1.0870462352761785
0.45040973668725204
0.81726391081212
0.3813450760976218
0.5960414787175421
0.0018986429917499104
0.31883381101021496
0.22633209731901616
0.37630945409363026
0.0820648438269842
0.26803049716268523
0.6861271721303446
0.38335151323656635
0.31790048482047517
0.1112284068323115
0.7863719067765409
1.036381343894699
0.8330615409791
0.4531517808939889
0.5567283011510097
0.26585059199424443
0.1442005573855205
0.10365119322362792
0.528428000310967
0.45093604047957997
0.04455001962542582
0.09794798641350577
0.6572430455134295
0.5199908325609895
0.40829964485677506
0.13787868484117327
0.550954291675728
0.6351490455321369
0.3813403574566818
0.6327768315088704
0.08341002845747703
0.14005980220927228
0.7280898087379808
0.32362244463782197
0.36136691378681407
0.5632519137720355
0.575090399613246
0.37796374988917797
0.30636777608541843
0.17519613170275505
0.2970354008142685
0.9806131848555495
0.08745400740357906
0.6823502787866951
0.2984439193324194
0.3350426846705512
0.1849444032032015
0.10687910366361808
0.04824785746220539
0.003881045833402763
0.5160203356352487
0.48615022048784
0.357394422494441
0.5517120195327616
0.2641244800451426
0.35240355394887146
0.5583133220500223
0.3490172477094995
0.4146453998188182
0.2172234858865325
0.3869719841912147
0.2574206583433831
0.6374952783056744
0.38464893371948605
1.0127627380934066
0.2040910284362205
0.694100116936266
0.14760936894268584
0.04956591181612602
0.6774338336499902
0.07672082202492558
0.03378912909579895
0.32116499347634697
1.0245885036772817
0.7125607551749478
0.8622449670689836
0.35597749169015014
0.2881380933205442
0.15664850185304346
0.35863710954173156
0.291588933892012
0.1729571443272917
0.06380851924582354
0.712881561067197
0.5834324843492716
0.25744089845607654
0.4471549284328278
0.42614126762782123
0.4471549284328278
0.4873747805730755
0.929796420505224
0.36698344035271163
0.08151934937288896
0.061938307956360905
0.031356377861599505
0.13474184262370237
0.48017657202836883
0.22331175184618157
0.13632687290227619
0.8717832348342585
0.22763846452778047
0.3987367800203523
0.01993462098791987
0.9481875008939671
0.3518446609543471
0.65742125950853
0.3695291783656005
0.36132835713931133
0.8651901802904622
0.7417256174921403
1.0077236463023018
0.04749938462922909
0.8178038360693414
0.4089019180346707
0.01661995292749019
0.8578449504258198
0.655771651471075
0.602789973476336
0.7429718962630183
0.6422894490835134
0.412125045240761
0.8913896207831977
0.45792949226014423
0.8137325672295452
0.5121739659675786
0.11891250145231647
0.9685920140225667
0.35009750960519037
0.7950331198076288
0.2911678873015635
0.3543397329635303
0.35358063785876404
0.3543397329635303
0.8756989840922644
0.909749254168831
1.1703639266065622
0.46857154221660924
0.7183704238218178
0.8597703229801708
0.13052028549381056
0.4317132089848914
0.5377362652303146
0.13902433754020116
0.2946985605255077
0.0794216369637275
0.83469084212946
1.1086424411952793
0.7308383158349624
0.07363091599194926
0.5943777858620106
0.2684999236489425
0.3855743483988367
0.22989557085485424
0.8124314436288981
0.10365996825975299
0.10365996825975299
0.11793237738576723
0.551332787559129
0.2079215738625364
0.39154145460003376
0.3897192892391983
0.21546550202231352
0.551332787559129
0.055173300766692135
0.6481523877881288
0.055173300766692135
0.3918418758084856
0.541216657135489
0.21682930816037255
0.5660348038118455
0.35164516678965907
0.22970668325920637
0.8219489254636017
0.5024245260073982
0.6604633149784975
0.04051280468007068
0.5985997919146652
0.432039594902989
0.20579493805303528
0.4822445283094767
0.5861423066939135
0.5832080479862558
0.2641185407722557
0.5839677220926891
0.041456063838060775
0.1112464890692646
0.6632430689396887
0.7609512789505528
0.35266401720796026
0.0035285106851392634
0.05697109283506707
0.6924561239507786
0.060499603520206335
0.17817449448836675
0.309328181734446
0.6064888766692728
0.045559010242968156
0.07672332078763011
0.15237663311812133
0.6950678044877744
0.41731341825766455
0.8852545794929245
0.712441227060852
0.0806219837573332
0.7269134840979072
0.0806219837573332
0.34678594297540855
0.5650450891556886
0.2825225445778443
0.0035780905439661836
0.12452350975513826
0.42740983136588895
0.36211198921878474
0.6217792117189169
0.7035325822973205
0.2431454112473545
0.31083944726582624
0.27511700368207603
0.8856065657536325
0.8012189161466656
0.218178634892082
0.5722929743501206
0.218178634892082
0.6842052584607663
1.1210859153805062
0.23997034259077943
0.36600152796039326
0.17222294595272936
0.29117932429760307
0.16959835442723925
0.6716555224627268
0.29887754174600545
0.16493005376011816
0.49416412516673053
0.25860387162738574
0.6856731526843953
0.4368600115352681
0.5080585450597712
0.8864819176770653
0.11085075843549963
0.08352846546792403
0.042031998303727836
0.11870142061422007
0.04524026476608345
0.14718031474460314
0.25408609535482307
0.20650021701542465
0.25308579820315724
0.5671440479828442
1.0906509073233732
0.7157069572210686
0.256178716871833
0.5727568492987789
0.21094691888998596
0.12118928500215964
0.45983598298188877
0.7509506455228321
0.16606845348438437
0.10933179876599564
0.45759188747829116
0.16029849694730114
0.052300726326834024
0.505693550486733
0.02849071748636378
0.305036678997888
0.5162479247288436
0.8548633498864207
0.3737244112017449
0.007467470178070368
0.093846694128492
0.04104434942415436
0.2661960499326983
0.7830003449893151
0.4233140283909942
0.44004264157277406
0.8392833108569617
0.48317482232144715
0.21637088304990915
0.4039608346366741
0.22562910451440477
0.22400980824998484
0.4044297073543162
0.5452812363066402
0.2255898729579382
0.8135733438090922
0.13776762870067882
0.7211741854390743
0.30713821289095167
1.1603602874585306
0.7171166635755961
0.7653464517288784
0.1857921230955153
0.6394375881603738
0.3270485869359785
0.5511585448309226
0.13728076092052977
0.5511585448309226
0.20964169122934173
0.4102489536447189
0.27350468712305265
0.21100271113653513
0.7768503259135313
0.47276708371095655
0.16605308548335973
0.9988094570420465
0.16605308548335973
0.09120832604574058
0.09627450391699188
0.3580651058171309
0.5020730926995807
0.5242516937960562
0.5263300269284006
0.5276962204726088
0.420410720053352
0.14475302586429306
0.8105598404394039
0.48494194008045
0.571723516771167
0.40218929053383
0.3027036738671478
0.11504641479457771
0.08966592855976985
0.05621502506418774
0.7820307832121078
0.1623005094999148
0.432459551690457
0.5720253904536803
0.5278482122178667
0.3241035426335488
0.52707956101569
0.5123237423695786
0.6882047444132438
0.41606410195601473
0.9790918410238452
0.22883025175630323
0.5227886302139275
0.2269028760645906
0.3709197644601976
0.07388537348050805
0.2637503411645043
0.48362338455384113
0.2495006175596295
0.47739227529459716
0.0361285670958823
0.2935283998118937
0.6412496502676108
0.329656966907776
0.09841642481842594
0.22717273424984624
0.4880002626284887
0.35339320164208604
0.28891630282572067
0.4492737844213315
0.2502923472341454
1.2623702434919988
1.148951762931885
0.3702249863022571
0.4502801407430965
0.6559769820129251
0.3916075788375437
0.10050577166034946
0.4917135472679903
0.10050577166034946
0.23782083135223164
0.2129960866355879
0.43751212877279677
0.18423426119758662
0.39193654304407405
0.13782693130878598
0.09006001765931781
0.449956936337073
0.09006001765931781
0.11680405681024175
0.20485857930787676
0.24957055216474586
0.559638430311777
0.2118398129345418
0.20067223534271084
0.3242788262847457
0.12011485286804202
0.19622358222153524
0.2432497731107608
0.06701656727039396
0.6227757409486636
0.352872469147993
0.06503283812511329
0.7455530743644263
0.8721218858586928
0.7112420522016878
0.7165335200578298
0.6182194281646727
0.13575170929894953
0.3086312467718574
0.12086964397973399
0.8253020675164102
0.585530571231113
0.11851066460860005
0.3376617662539352
0.48800775799974494
0.3801787408282662
0.17677795037316724
1.2189112118088339
0.888993909695948
1.56992523912233
0.32078300137375493
0.7491505971624508
0.5468509361209919
0.6635441274617465
0.9150687780108295
0.4921505551808112
0.0765753205317578
0.015294309914167359
0.5244337853461424
0.8897572315744741
0.44870219326577887
0.6692203584940604
0.091816852019873
0.038287660265878876
0.36182049908165004
0.662665936744328
0.2703523948412438
0.24098345598009385
0.3950889019848194
0.3041415932323419
0.17826568177548907
0.4698525717151236
0.814797950911403
0.8384921985483582
0.6666826028255732
0.1428734930432709
0.14360553607662307
0.05610538385989927
0.1917191512468681
0.047365497072236584
0.0798659490078899
0.2527237637742217
0.344455126728342
0.05297695093324717
0.27602331534202373
0.13636761910044815
0.7236735061059327
0.5544284165234977
0.24197833068990704
0.13218576368029034
0.05210830402180683
0.18744748874459594
0.2586786126718247
0.711516414076812
0.8211402339217081
0.251794186450238
0.5862471507665523
0.4980797844913092
0.31768488778246606
0.1890200226713501
0.30569144305679163
0.011131512864921866
0.6254423593236966
0.32418669917276555
0.037906856522027965
0.5967338197295975
0.037906856522027965
0.7219395100766475
0.7162623514942519
0.869893174103515
0.7910139371565634
0.27208149767342205
0.42842674324946595
0.09058328934509241
0.47102474996664334
0.32918160394449414
0.047734803883311194
0.2014028069714356
0.5113164858830193
0.23203396704254564
0.5087291215409442
0.7366165912447664
0.45518599006273774
0.12528413139312633
0.4002258190166367
0.724079627979151
0.21405834491893638
0.4049461278378623
0.1204319622900778
0.32717646504363396
0.6096820165656711
0.2672461607512524
0.04522454291697553
1.5954886199247431
0.47026151357760004
0.45207812215393206
0.6123511241713229
0.4857771163179663
0.17684033248731712
0.23254051104952211
0.4881987539910318
0.5138861743593908
0.31605313521968353
0.523629943376934
0.3193857767320134
0.021120849520145396
0.07087420346385809
0.5684187347627595
0.15833025031551928
0.09688367602372416
0.1582096876039305
0.34440736871929234
0.667505857024115
0.4399899386116859
0.0036399527292658718
0.5075845149926481
0.8534999616557868
0.8905675436864571
0.1509774370640251
0.9674098166891416
0.1509774370640251
0.5567879621291465
0.22466498657902445
0.2120587752488805
0.22466498657902445
0.43483059445609307
0.2124327146275432
0.535426612109639
0.11284454986686843
0.43713633241095184
0.4977889485010334
0.7767570080069749
0.5037655238386003
0.6684158176604095
0.38944775815446797
1.1682380439234281
1.9931233217685533
0.2948358521184813
0.4061018834425748
0.46832037062086807
0.36389470530174206
0.08335309590970841
0.9083574566567341
1.027456909008027
0.6629974663601989
0.656596331086015
0.6885537554073166
0.3406963349066836
0.14851749874433384
0.3488337520608198
0.6239459625387687
0.18601912997754422
0.367583004584088
0.19762782876460516
0.9505031278691431
1.8165666340908282
0.8028827687878404
0.3629159015031764
0.7616605535003722
0.3914597188569928
0.3937936993050514
0.27736305606228173
0.12259202559492122
0.6937052063737662
0.37281357438470675
0.530064526435595
0.2756805387609953
0.7442455852342809
0.08888320780343317
0.21228538488680115
0.30034968622576597
0.9107370982605247
0.6262738114906873
0.38082408150979963
0.4764762632153787
0.7673555576018992
0.5749259885252882
0.6288258484644641
0.543235619152264
0.3888518843043224
0.5347480527040027
0.4421089442961701
0.7798166552712942
0.736801729096068
0.523054950371898
0.5094646756949232
0.593565666457416
0.38945645292709496
0.06329617810523525
0.6668881159702611
0.19714406688102448
0.5455846265644153
0.5636387262941396
0.9738879258058319
0.20929488652504835
0.46530900601886227
0.7717558887656981
0.35180718006279754
0.4289046244374717
0.74147052071238
0.17192133400340737
0.13907422547275505
0.16741249455482135
0.09168195379051802
0.057088867553883205
0.36644389042780867
0.7038435021295033
0.4154832430072103
0.5595666967450006
0.18649571336372017
0.5357857822919434
0.1777977209467742
0.5866373524873961
0.568763795868079
0.2691520595183333
0.027804989670439484
0.01369102107613629
0.23001355091875042
0.3758703510605541
0.33044097847902965
0.47944930670787017
0.4115342379444602
0.5073982412550381
0.3212485127443603
0.22432980449071283
0.4955308973198562
0.3344319495813102
0.38825095294719736
0.22262046672954394
0.018717474290045777
0.2028988505005398
0.8709325181186297
0.20975388564527708
0.6258273202634671
0.5233697214642858
0.28795361866600744
0.04690238229910415
0.3105185915371389
0.5021456082284532
0.20496980712096166
0.08554880044966495
0.0370107990524966
0.14011514080614418
0.28023028161228836
0.14011514080614418
0.7562620121526181
0.3607867924359719
0.21011550694720338
0.03962948097228991
0.8809230390395664
0.8402198324712842
0.09500639029218583
0.07305294197285406
0.7431763625774037
0.032399177624649944
0.3605010587612667
0.759961979164093
0.47450670925432376
0.21407278321581868
0.8762656564441369
0.536870133721588
0.668080609112313
0.39499587919951895
0.3595234057216687
0.24118020419588393
0.6985732179801909
0.27129140868843016
0.1584853203887029
0.29878399421272084
0.5490613072109414
0.25289660916709567
0.5536489606914476
0.3021493569904905
0.3704398322963751
0.6525113829106735
0.13272468277654736
0.5559997246193769
0.0965116582912966
1.6167852582225501
0.6843176504853292
0.4239965649424712
0.30560420497187635
0.449591106844371
0.07443671320789713
0.6049827361929601
0.625870503787594
0.6659951999927118
0.6082525105657108
0.7130893064733632
0.3937032925647248
0.47185604002167003
0.4464872529483977
0.40876554923221253
0.47626854341947555
0.2276561298720044
0.44528952750706274
0.13299003354050987
0.26598006708101996
0.715913600530545
0.3962237791569039
0.2314181817971268
0.2640365286086537
0.5280730572173074
0.02827196262470233
0.47929655749893907
0.2314181817971268
0.2640365286086537
0.5824925253491733
0.20388165996736252
0.5117315745521465
0.5290209028294162
0.7771711740488438
0.36317983326851966
0.7665042189667923
0.6900998269068648
0.09700057797077788
0.344550490627189
0.6762489912881822
0.6543704642880894
0.26529775397994193
0.587591970143583
1.0123288675066582
0.13381148739148507
0.4789449639284162
0.1551789584374461
0.05211514749315782
0.11365550554079418
0.5352534405663021
0.11365550554079418
0.4215979350255079
0.09432722720192355
0.5319645108224353
0.17224709405622374
0.6700456701592264
0.6021809245592625
0.371030544090984
0.7649290125221815
0.22826391190480466
0.4566687970956017
0.06139157191713207
0.5997348848672843
0.6241968874845412
0.35286106306982523
0.387417853699064
0.3045357547915324
0.4455268293305368
0.47029995260659563
0.26829730698719034
0.6547213882212882
0.15840975574404065
0.0792048778720203
0.023884259866930435
0.2916328545307181
0.06825084042985985
0.7728409634259732
0.5600187701517232
0.021119641653216448
0.641110502671298
0.04741442819247288
0.6190359373374206
0.1815601569266252
0.1480678114195939
0.7741316187799634
0.45776286749596906
0.25413950451849276
0.2887796280961893
0.1333444536334516
0.24315931302409255
0.1286888305079641
0.0065460555109293495
0.4039569982174649
0.0065460555109293495
0.5915755619563543
0.9276932457471738
0.5186336852417068
0.8043914564505432
0.7024184517476022
0.19300615448868852
0.9289092234954431
0.2689340039422672
0.8132359679096428
0.754296384134495
0.6336508292718843
0.6404924399828476
0.33460611437301857
0.15223593624476006
0.2305910456724738
0.4256797811204598
0.2203393446108428
0.40299362090678303
0.24672893161490617
0.03664128806569433
0.21599244802617734
0.4736162565662811
0.1544383895639596
0.612478802510882
0.358520943329832
0.45804041294692244
0.16856554491922404
0.4852538931589505
0.16856554491922404
0.04581481111842134
1.356347643643069
1.014431323978112
1.1284034305330977
0.832515967075363
1.0939445152985732
0.34317014245725574
0.5937498297058453
0.11536007359019274
0.06605785475217463
0.11873059413392437
0.3972547025063038
0.11044039888421775
0.594632048262221
0.6246464853172704
0.4094722089635807
0.10028080353972757
0.15858634873015232
0.056559734648461646
0.2622100436242494
0.6856315968421719
0.3738607895475723
0.4595482196090481
0.7142121304205715
0.37418024253958193
0.8565656306424416
0.5307249697199832
0.014439187747659843
0.18328750052426632
0.34293128697997216
0.6790728086679898
0.22001817140195218
0.3803379524802928
0.4996467941533016
0.3803379524802928
0.3738545270505229
0.7477090541010458
0.3738545270505229
0.17199119133162544
0.2980039136190351
0.17199119133162544
0.5886116870760068
0.5724780918740489
0.4657020335293466
0.3529677249530483
0.5306650185897095
0.21354857776308278
0.6724764333665061
0.7187178163769806
0.23130853872669865
0.6050066512893921
0.7757822841450239
0.4107975084389454
0.35168282077103674
0.597818529336904
0.31690432224135656
0.6395100630443736
0.691088645265669
0.36515001540213554
0.529443321851601
0.1395669864719189
0.22313042650895454
0.291928641272733
0.6204651253069091
0.04612489308961565
0.10971179554402322
0.6094337079266591
0.31237892878715634
0.5971535743472094
0.7322906246817191
0.941786213495285
0.05187759814998849
0.0905053583766583
0.1608785971699406
0.40973856151996735
0.4166012189663747
0.7545785606465701
0.48455881160755565
0.1837335091185177
0.9145641675469753
0.3618661848079907
0.32601931844459653
0.5034032664423538
0.3224701740383584
0.20775318650012053
0.3455336710964181
0.03306578479653499
0.3363495451101519
0.3007673661961179
0.7948579417529897
0.48636170896037
0.5391158721696987
0.8192088857617432
0.37687531740842706
0.5455423404765884
0.3074991127983173
0.5730389637978686
0.2438870886292155
0.43253266979840854
0.7392092742432541
0.12210752832100857
0.1666811678933544
0.4199377258931436
0.10418667762627964
0.2853026050848788
0.3295887489530974
0.27634085853260926
0.4007411388801777
0.229350327846098
0.22685746337959078
0.3748491139225414
0.4002302238950921
0.4177448080526509
0.33875227585970835
0.11685113892037435
0.26834560754646936
0.41613419028565
0.3752868533878121
0.07725674798083902
0.4361544143803042
0.09347155309715882
0.20255764975308255
0.452963360816552
0.36250509962166966
0.12670950148287297
0.2892860830422035
0.578572166084407
0.2892860830422035
0.70940681942529
0.6610832826106359
0.10485095225007734
0.1408748109021165
0.4516185917877018
0.30689314345757757
0.756792167821148
0.4927923658218605
0.756792167821148
0.07573882311525937
0.21534507093997712
0.39732606651347857
0.19310235402899334
0.004478761244253171
0.35316322629795893
0.7865051747194298
0.6844256445744683
0.8956346923783804
1.0954373595491482
1.0533233305779364
0.03464060145028114
0.19358425361880682
0.43810005140054525
0.757970243216586
0.436041335375565
0.7180704005633956
0.2577441226408288
0.8272633238128133
0.21061253128168733
0.5218142252862696
0.4724920611789294
0.5256955730798207
0.9033510670138938
0.18570359050224106
0.39338843458742057
0.2408810684915561
0.415369688170359
0.3033208444527955
0.6222075883860718
1.2396624501492466
0.8181701991383933
0.3312312218275356
0.23108664636578946
0.4807450361797809
0.2837658404610133
0.8867650400078138
0.8161537551262492
0.2622815021236642
0.5964550397220909
0.8105444062811025
0.044838298633823825
0.5539495169561595
0.9654152269772637
0.7489858901169709
0.5423991703158421
0.8595823669813594
0.7063600324478352
0.04365366239026658
0.11933524432459741
0.3085006981238989
0.03202940668770804
0.5077082283989767
0.41819849361432393
0.1516646059302147
0.13178862671423275
0.2635772534284655
0.13178862671423275
0.5268661598163926
0.29002841872855356
0.14501420936427678
0.2128010893123693
0.6086991062606365
0.7634920254605633
0.5587361157991368
0.6072989530201363
1.7196697334688678
0.31004058819223745
0.42134921121374
0.2169888177272794
0.5663990372518741
0.2169888177272794
0.9024785556818233
0.21776830278933956
0.4080237951232497
0.42162015490430127
0.6762697020053292
0.31992273788197956
0.2311846327067033
0.3812972647247679
0.21517848011637436
0.30022526403612915
0.5445280146801099
0.9797054606068812
0.41932703557282874
0.31937969856262893
0.2687399814499263
0.09403212622788004
0.10207624015218464
0.8502582400007705
0.10207624015218464
0.2033970156950602
0.44013728021707266
0.8452625502405198
0.47348052904402493
0.6280487331844538
0.27345865032466143
0.5753745998698596
0.011480132209209515
0.6637456994877207
0.011480132209209515
0.40013361768916633
1.06756195353641
0.0407993086981524
1.1323056930932869
0.43146512033684914
0.46486252593786714
0.7374398731017737
0.5714900255935564
0.11321133247212511
0.2049363329273044
0.3122118020015274
0.6876795640784642
0.21455093814844606
0.2492063535964184
0.8522661394660417
0.332336057021994
0.10841029618202969
0.8792250887402816
0.6645847455148054
1.0651870819740439
0.021951791552756728
0.5415244600411233
0.05350412570257723
0.4625128391932196
0.33208022981432883
0.620536080889027
0.20839789549624754
0.5977373524272194
0.6468676097812827
0.19702662316764052
0.43272270043548877
0.07652414872088942
0.20622951834962144
0.32719869868275486
0.4901068600890112
0.8335217921820308
0.5006180640069706
1.0153792748835122
0.3919140525947533
0.8989590273254686
0.4888948394149084
0.5241923677757274
0.39964880933822666
0.16734105696407386
0.6811180461674677
0.33039164314090375
0.31010400978783353
0.6025209547016659
0.012477242166784697
0.22198132922045244
0.44020454030264344
0.33416173483330436
0.3551588260667642
0.458819382612941
0.667542321305415
0.18758274803095465
0.4760487090801726
0.1855720835188519
0.3837618300269694
0.6846162158662819
0.3423081079331409
0.28284939883127747
0.5521358317607001
0.022742839982341945
0.16873313207929996
0.59647691267052
0.3610735501368101
1.3358179672897819
1.705206565343648
0.06862933145915595
0.9664293692359158
0.5645314214733799
0.5261493734485385
0.04897289922696624
0.4690095698447614
0.6554956937444152
0.49344966136863255
0.2875147782481404
0.05095502870064106
0.14233457945464956
0.12767262963565607
0.09475615701544182
0.035431579237415356
0.5555792591998405
0.3492341658166449
0.017953441919189017
0.39908627510295014
0.7484607244853531
0.3148461523178585
0.52887732670527
0.26131415715798756
0.21276011805799389
0.44297893829496293
0.5139353804168182
0.845306413852217
0.16870564467786542
0.400058801795641
0.05470711684934573
0.3435199967439341
0.04771360005420704
0.3982271135932797
0.1897560904370166
0.7267958433529624
0.3869920178757102
0.27327489502596514
0.558729763953921
0.25213274080646136
0.14495699209300383
0.636700454534386
0.5562158212273278
0.33505104520837925
0.8151733649123827
0.6345740324394962
0.3480491638525587
0.1516931778356274
0.427180971286802
0.15305957870877407
0.13176833977236857
0.29843864326705205
0.4715516902597483
0.13771879842203205
0.1946988766589861
0.0536094632604307
0.007687453340624373
0.055015241697899064
0.571301131036333
0.007408008594682158
0.5760562380357022
0.007408008594682158
0.4843964945818271
0.2950107221691334
0.652096811547032
1.0341684844738053
0.369141388756032
0.07889265698422854
0.5102787612667801
0.22570820354440446
0.035204230941816406
0.5574103955919777
0.38839013135827694
0.3211359926190662
0.9467693239051342
0.6814755365459175
0.3090539313156131
0.36188329028615795
0.7422210863871553
0.7483379079067581
0.25120997343009244
0.7109131923759593
0.7085671458248122
0.14889943694547103
0.24020504570612466
0.46970023487828616
0.21267430706743173
0.08240720262202039
0.59415716432009
0.14356331894378727
0.4974902844228848
0.2840057357272716
0.6879500424132541
0.0006331099891725422
0.01375421211764527
0.18453768734467543
0.5304364794624263
0.03928816629699705
1.1209705821090163
0.6929952678897777
0.8859099266335384
0.8730188920238242
0.4650453975438278
0.044346481692748796
0.4034457750790635
0.2386262881761445
0.1289400167357
0.7672676083558339
0.16094810825194028
0.7555275863151802
0.6907719698263063
0.45558108982674517
0.3843989662108478
0.08458892447504152
0.1891371481293458
0.17307327176616916
0.2650789220303107
0.16053069837600642
0.5702716155237968
0.9467769273958768
0.23307872332086532
0.552711873580015
0.5809771701832698
0.2251476232019698
0.6121205034662642
0.3529027983574631
0.1595941782296948
0.4863760358827
0.5763788044878858
0.050586813845744594
0.7648148150209861
1.1995922121868894
0.3148595880158167
0.4814049326480436
0.21011960870499635
0.6327724474410044
0.43639439642158884
0.7019418802043949
0.27546689349300646
0.46106456339876933
0.2886966284728283
0.580435301519973
0.3678434111916338
0.5557748026343654
0.5991484156729179
0.4966167520996147
0.1604202426527046
0.0969982003795784
1.019664960620113
0.1885241856250719
0.32072481339413195
0.24285842741920324
0.5270739220221831
0.14939624639779248
0.6361957546146559
0.04600140435223521
0.5685621071537001
0.6879906309578148
0.3190968527952722
0.12564357289936812
0.6797398530531522
0.13788309361694084
0.3373228551358711
0.20511940375518956
0.2706720444524717
0.36760838675884416
0.1405262364946005
0.11504403200792679
0.15658316113719717
0.08789092286390976
0.637682739392619
0.4557378968045589
0.4135257693680596
0.4375902414338497
0.8127380820473592
0.5187147544470194
0.055220580233916294
0.23182142372215342
0.47625816986396474
0.07935041911791707
0.4452306062191451
0.6569111896414461
0.4173935919152214
0.08721290860889441
0.7485561411243764
0.08721290860889441
0.23494343888595104
0.9129468154333065
0.45647340771665323
1.5368262217753528
0.2018228009704961
0.4036456019409922
0.5144469335302069
0.41352841111115346
0.826478882496783
0.35620853835132404
0.40820012860661814
0.3754680019596486
0.145899975861
0.33605305077474634
0.7014200012099506
0.03361123738669258
0.986153632994871
0.2694669996525061
0.10098624368353937
0.7216554013833516
0.3608277006916758
0.02677797975127416
0.8237474396701502
0.42653066966530406
0.3619073441129941
0.6324396397790969
0.08760170481019114
0.02258851831273767
0.704708223387711
0.37335632547776054
0.06744953866606063
0.8921114914543946
0.7943958038055594
0.4034750962481123
1.0910014871023208
0.30913024331597194
0.6771598001384225
0.31874599093864475
0.1410678455178913
0.5488780437225445
0.3138958520783117
0.056365735193629085
0.2895308720724318
0.48512835092786766
0.2311247608497089
0.034041131216842935
0.45759616970235406
0.013915723848720862
0.11963807627524292
0.5157696726561558
0.7514499276095373
0.3423365137737777
0.4181430415918266
0.6397923925071578
0.3233094006508579
0.1289361233138706
0.14929433474868503
0.29352290233600176
0.20143764039389112
0.35332620911802115
0.06777364290123478
0.4817439243463877
0.38108882661537113
0.211917330814674
0.22238653034113387
0.40142712512085943
0.6049691139483353
0.5513855204206206
0.47927868937500007
0.5037647551321107
0.24166946091453845
0.35045866850089646
0.5996713443145535
0.2611741067920963
0.2624246932594214
0.758348871952085
0.6341256154655668
1.0329265865321444
0.29259356469804654
0.6659876062895979
0.029158794864686532
0.1317700802811148
0.3369887443866624
0.5158797699571369
0.5587132548321461
0.9978893215705786
0.029339215059356327
0.40488849016849304
0.5344131887332315
0.11164972551728303
0.5874889779083556
0.8341850545242468
0.07243583933733833
0.2300851000371944
0.05676678702065452
0.9666841957703389
0.6479919989251304
0.4159092323551823
0.7955440712464071
0.41382902020124623
0.25021922523825335
0.15691084616554796
0.4482662097812029
0.22227491367307795
0.18653107185791784
0.4482359425363973
0.05925450384450226
0.3719875431571289
0.30974655241325455
0.18439475648302528
0.4980714657806585
0.558420576540598
0.6788119531468134
0.5688393937141556
0.3739661699166119
0.15151626228916365
0.352401242811326
0.2697909139003335
0.5395489337731962
0.12732074518150588
0.005316978801878758
0.271676410015227
0.5225823285478384
0.2991442259937815
0.600462316358402
0.48408839596979575
0.6784021868414947
0.25515196889010694
0.8333875616582678
0.12119582225296566
0.5304979140781274
0.9544763071913889
0.745331040806239
0.5788841795065416
0.4525477843098493
0.4197377876447428
0.4109530991879349
0.6804342547110167
0.4484779408480879
0.2529838890686853
0.4223664050075644
0.27322495036936756
0.3387650318777582
0.7180121863568809
1.01123243609293
0.16123223915793128
0.5027916194576196
0.9123617565517264
0.5027916194576196
0.1757941151395901
0.38363490648933585
0.26575372039279294
0.2023847340841828
0.41828703396044586
0.23782429448021425
0.11694609798249544
1.1205791210592082
1.8228185141157094
0.5035660065238468
0.8422306413146461
0.4543522220960736
0.34837413389422567
0.7339193454548758
0.5200648364392176
0.5785033824277442
0.6773771392897698
0.7903540467360617
0.44838615399454884
0.12519516536205888
0.5013252335487994
0.12519516536205888
0.6213490643112376
0.18330557951593018
1.0431708906794626
1.048479415372407
0.47023707035785867
0.8884462838874212
0.3219050270324872
0.3114879231287351
0.19494093275198
0.4752767252403076
0.28811323965713953
0.4958895171488118
0.9709504696826678
0.37405323947426794
0.5252624882144039
0.2522169617997241
0.16244307654904444
0.3901234592369279
0.2369277102173457
0.0036968288800882654
0.08540496642910633
0.03069172604554793
0.18933903184768885
0.3804186774794043
0.24874987665179482
0.5396999367605506
0.5514917450912638
0.05546412570258319
0.4522689510127069
0.200512112087304
0.06604794357865422
0.6573269981679221
0.09333412669684904
0.11085212879318951
0.27467010708792516
0.26728946240277923
0.5910613162126455
0.40294765775776353
0.8348693588293179
0.4029476577577636
0.4752504746706885
0.73910469065251
0.37760618732033535
0.7863286747143438
0.9858034043614086
0.3966822485417314
0.07397834476144949
0.2377349822344179
0.0848245029227821
0.5832326013576112
0.10859819854353692
0.32344022002322825
0.007017499063532995
0.4622465587149944
0.02805396383091452
0.24860547038841574
0.7645579652410225
0.22190908884305927
0.4037716049485356
0.9490761873832074
0.03972439114138093
0.25971403410909155
0.36764123388421044
0.3871756814636509
0.4367272379115339
0.8533267592924219
1.0300122151036142
0.433893012286608
0.46396377482178663
0.6187369072228592
0.46215984646801683
0.14330447553570447
0.3999964958709197
0.6971242866464062
0.4198832979189715
0.37124469803775717
0.7487940285218424
0.5403066200685336
0.8767431429069727
0.5633408359676726
0.016298436581192455
0.5618038127206879
0.354877828943748
0.23845999303307397
0.5275111176840142
0.17263328874026618
0.13994191810049905
0.45131475576269553
0.5458554060647578
0.07064331161765702
0.3522899922695699
0.20542876395968523
0.3910301378435159
0.7564579971403402
0.6440880211213673
0.7157105176749452
0.6894202012063761
0.9365349270032555
0.5694422344917527
0.07375335112417103
0.6442552615987212
0.8156678801715287
0.27762623271654574
0.21081134052201644
0.9047962664777724
0.5527304190459681
0.525622667344714
0.6212307364782885
0.003666371715593808
0.5716961006186247
0.606506929384695
0.277655669489288
0.14933075323284206
0.5506194717166331
0.9117217727925796
0.15352255663696068
0.00862787413958821
0.7936480718259675
0.76695762388808
0.3619606367261068
0.655576478253797
0.4750944765830416
0.4547484274633886
0.24324903772964035
0.6683515014647261
0.24324903772964035
0.3126708919372798
0.7197295313869669
0.5442721614437647
0.2839663966470195
0.567932793294039
0.12044464972584101
0.16005586868609545
0.3537465925094807
0.36649309780679246
0.16865062344472959
0.30528507642604863
0.07613265214787113
0.6248842586704689
1.4313821927643204
0.11862591469125072
0.03364801388075711
0.2795514841350497
0.7032424679478545
0.5312696644343811
0.18733495771323883
0.925272712222962
0.6156742217251026
0.925272712222962
0.08690658136431928
0.2161095798308139
0.485947636451455
0.4400635931521979
0.8623115849510756
0.3140559959543321
0.6741368715728546
0.23406964798486207
0.2964518769987645
0.7646284933535212
0.2861893900065291
0.3434494787119844
0.2299538970789543
0.5963898787586084
0.27118211204173054
0.46700210597681463
0.2955672951871368
0.13383235970540763
0.27416728981754324
0.14972215960922708
0.925380418496478
0.13946956086382145
0.6217173732481972
0.601203289765662
0.3683074573321211
0.20928029333216291
0.9423598231625316
0.15525577459907502
0.9423598231625316
0.0008883989942112258
0.7718258407455534
0.20087935786364608
0.575442617735888
0.39645646558368386
0.15148625750291672
0.01881572556677913
0.2603763335985603
0.1486791871295381
0.6114067901524316
0.0879993320374326
0.27745625305783017
0.11393246797871459
1.0729087413738094
0.4056176348676148
0.8424168525717994
0.6737899261950537
0.0623631656731396
0.6195143875369729
0.7177650466728966
0.2910185736960269
0.6126088597073291
0.42368017727961726
0.7987728417798019
0.0799162872606578
0.6337891973582526
0.39672384922111203
0.8500111414013327
0.5147582816558842
0.6485078216524915
0.4651659481122834
0.2943522992365324
0.15608439413406172
0.6438080239938275
0.19843155163598114
0.29537730623613734
0.26693471108371636
0.8100766700130609
0.23387108992401462
0.42202109737011173
0.31458682211631184
0.35473437388958295
0.2992471200806788
0.6834975755175897
0.461406176917442
0.5964512003157642
0.459342203854062
0.25686983994316703
0.07567464842239602
0.263028845897586
0.5166212541546349
0.15438723623117845
0.7296249015716665
0.4288437557348086
0.05339230672544204
0.21735864834975294
0.6059489816154344
0.4965965426421539
0.13717515796671176
0.00326605798173496
0.028252364131880814
0.11793758047709624
0.17673176203295682
0.09639900558964254
0.048768083976914456
2.119181596629252
0.6849714207011409
1.0083524295184594
0.5041762147592297
0.3639293176192151
0.7278586352384302
0.3639293176192151
0.058367414478789126
0.1333468030788123
0.2632960832052871
0.22823203310962192
0.24286057792649407
0.1186503002792616
0.6156633463300856
0.40685562327286334
0.875056055583288
0.6278804823217109
0.6327999821695921
0.33254751624084317
0.4392312291348288
0.7232510102765195
0.6975519343324228
0.7914788199464997
0.011592042838881156
0.9534629682815146
0.011592042838881156
0.5173141140044897
0.18644995940972775
0.1743285662989309
0.8044429607154571
0.1743285662989309
0.5387505025349366
0.15178756411847993
1.002606347564397
0.6299406161991374
0.7037504006398114
0.6578935189139448
0.8232994671831942
0.4971893328323449
0.22099005568286856
0.9010461783744632
0.17569278065948046
0.2812149866571598
0.33752051286636187
0.0769871237944546
0.20896324065471905
0.46721228892965216
0.8240791978869639
0.21005460825285982
0.576987300992271
0.29567664411994493
0.1257108759728327
0.05250447024945615
0.7141301469393522
1.0941951728177295
0.5418645053726823
0.5075985782582197
0.16053166386372997
1.1323749291218075
2.110147927237368
0.6786305318002377
0.47121036169679753
0.5340899964911614
0.2928240962257256
0.17131145131047365
0.4718868360908084
0.6027114595346812
0.16163762982875696
0.352378988161393
0.5342167274745666
0.3125388165333711
0.4451711501158111
0.47466472075400734
0.3221573174891139
0.9379890038621674
0.9512816089839777
1.115774210402761
1.1547762237766603
0.7909857727363279
0.12583306007823003
0.421171808389456
0.07239701344781313
0.23424121889306457
0.5920621290752816
0.5144153615509954
0.743289937069114
0.38510797636293803
0.5357804249803908
0.03711902152051105
0.04883689469540209
0.7630931701172025
0.04883689469540187
0.512636796703327
0.6566224308765602
0.007547999841873931
0.055525529833390985
0.11554977196866112
0.418694635152532
0.030913632483022813
0.5298028947731637
0.7324415844594294
0.43337367887579425
0.39785485705417245
0.6310713332118333
0.3384432781221928
0.41686332526712205
0.022199817974395852
0.5561553373792064
0.4479537806502883
0.3522563118938262
0.4017547116252163
0.19541120954161295
0.2556258383101575
0.4308952790668905
0.3937051062174272
0.12545748182370708
0.2646299921783477
0.41986467375992564
0.09979873956866747
0.1982623422341936
0.966007082574295
0.5548482362863272
0.6616756052958284
0.32259759331376925
0.20699016437713613
0.6854924202717836
0.6855670734198012
0.27136278522147617
0.3749325205580618
0.5032721732387975
0.8928194943684591
0.4100159875680787
0.33245094600084
0.7833928618629926
0.43745218778340833
0.37268786000114895
0.6037208967751604
0.3263363146829972
0.4767200524681443
0.4495290114659438
0.48431756222968136
0.46461422282789244
0.8963770146911381
0.3591303370463382
0.37819971130555946
0.5080025438092107
0.5201177820808975
0.33125351049690144
0.32504447859847563
0.22138692895863699
0.30429421195339107
0.8053756649918462
0.4276566661762313
0.3281088759356634
0.6033191134200002
0.07590092015653169
0.015695726735025617
0.7900044593168642
0.12308852305000828
0.09894672984592212
0.158732689782348
0.19025049751275808
0.6282809318661478
0.5458725376588138
0.7930977202808156
0.7106893260734817
0.4082802217927841
0.2634675518253542
0.6082558571051138
0.5154911993601757
0.3351086738263014
0.16882214805155904
0.0871140823457135
0.6228216830535218
0.42412728051716997
0.3993969637258772
0.26765451793032147
0.5511480863075398
0.35144960444460116
0.706035894708301
0.3902730624420112
0.352283256458004
0.850717660200463
0.6528644427008503
1.088609557825885
0.8188524466559581
0.33290091644209685
0.6459356407586796
0.21812388192385423
0.49095556410699537
0.09518785358579684
0.3442946913185827
0.6885893826371654
0.34682883754515603
0.038323118739882034
0.002151068635400488
0.038323118739882034
0.08409988404004065
0.3980927055685185
0.6542665615648264
0.3222472727484199
0.6767724714488736
0.3305017239683621
0.2656701107424615
0.7084620641155189
0.5019682691438994
0.7393607945198588
0.4601167746461954
0.5991916010957663
0.4443118142326848
0.2856826888009753
0.10520978626616106
0.21872946848874397
0.4203048862087764
0.16433242208007104
0.3141591468570683
0.4451472666097664
0.5913622999905881
0.65492115287778
0.5205579054940076
0.16177442078783355
0.040770481858775964
0.40364312252188794
0.14575035618242804
0.49490313711308387
0.028372185794625082
0.7920147786949328
0.028372185794625082
0.3296082462386778
0.7639365784506238
0.3296082462386778
0.641904238163455
0.5544371927405605
0.9412682534940613
0.44269977141585404
0.5942682399263793
0.31358700243911497
0.2622067260881261
0.8049093183615643
0.4134279225188433
0.3001245196386696
0.6069544182036101
0.48163729185849347
0.16304420018506405
0.47773882371275933
0.23311632992911946
1.2907072757505955
0.028889733137204665
0.6087418552459214
0.04361434426709376
0.991076241486293
0.8453022385750262
0.47374959225456914
0.8513205630516225
0.8084977190057132
0.16938986134512524
0.4808441743108771
0.1616251647303839
0.4460998726513982
0.666819901195393
0.8156526870659548
0.5082964980549978
0.6856209476742288
0.13985240702015322
0.37291730136107826
0.15118351909318817
0.8642248933916581
0.25656618944673415
0.5841110309818403
0.14191092631946933
0.18440736495547572
0.5663687544367422
0.27949832556274257
0.912731872806803
0.4805019229882985
0.8361787820440254
0.5265654498143784
0.8015750343738448
0.4826680916989501
0.4821459419208143
0.7847708895050971
0.8515998171469441
0.2974801925678965
0.8401706035762206
0.6194515560098186
0.4932957003470815
0.43704403234835265
0.07308538168748768
0.5857844268214398
0.41121276210550567
0.17198784074081885
0.6960284715032312
0.23347261422965282
0.24376590150164068
0.6802902511218205
0.7293452769812173
0.09331364817656507
0.8181836191327836
1.5509770543598882
0.5495054134624983
0.06649602533358134
0.26496203454133305
0.7707497103892686
0.6512242017763832
0.9470446671686448
1.4681785532239249
0.4249274490609176
0.736309192293839
0.37787797103992204
0.23497848147123124
0.39246780073327436
0.6838560309524917
0.15497832441837622
0.26961783041467524
0.5408927333839624
0.38504953882900583
0.4110199222244495
0.8250183737204977
0.5087715715675003
0.019850605349062356
0.3243415672123362
0.6131003520912452
0.11865091213915946
0.10125219136286434
0.03589350100584365
0.5081540558035695
0.4042818755841333
0.613794799442847
0.502644552814207
0.38146717063226765
0.13774946592697113
0.6194074254010502
0.31787530308717904
0.6736092168585666
0.03229045139827513
0.3795169508430609
0.5943322472439085
0.5479662222330983
0.23834053499356578
0.6799865788422457
0.11030003415485079
0.5389261119183062
0.11030003415485079
0.5751921793861257
0.38952254740586434
0.7830182408111177
0.26028949369601906
0.2632715125343382
0.1356532570518324
1.3465260173534377
0.3580334790942814
0.08373115033740675
0.02183712122600756
0.44632324544138857
0.19634456061924022
0.0839625917015061
0.0068724630104743945
0.09525482523508777
0.6626672134134957
0.055217569994571836
0.6382413086311998
0.17835290303096846
0.23863883649758888
0.4097467748172301
0.497640629256132
0.5842953908758779
0.4227150052644726
0.060017787555617375
0.2546160311124481
0.45196909469020197
0.623393336046873
0.6133691366040437
0.732403509028249
0.7118130407317453
0.21743535742788955
0.3534024113506333
0.6104614093494227
0.8050696296612097
0.28633991724257735
0.06428182750220746
0.1505533357575748
0.4145966581015592
0.7937472336455542
0.14857382477573844
0.19236343206063466
0.005214044209039148
0.0335793402543656
0.14870134743717944
0.5751711046266692
0.828123503783428
0.45430023946543363
0.6734584341134533
0.3260714497974462
0.13974657178033728
0.35130679830198963
0.11126868100364382
0.4123143385003421
0.06600668003261728
0.5133674687083876
0.4629928164499123
0.6551236247639138
0.25925387157803453
0.5329322464377578
0.7120847073845775
0.20212099556300278
0.39731102857830125
0.3870375881068864
0.7654562187623918
0.33255124154189497
0.0750532704275173
0.5153582009543011
0.28130594549813215
0.42664509686638175
0.7368721662771436
0.15362029248439102
0.3683584114715878
0.03772657874747232
0.6623482699746059
0.048707761411508343
0.1313106236994681
0.2240663728459773
0.3964194547076145
0.8168826824681297
0.4215981263010482
0.03386411931463407
1.3130841562968367
1.0277747962564496
0.010146299040427742
0.03398117778808141
0.019406071462799268
0.03112651337996608
0.284860717259495
0.1617358906293811
0.709005077759091
0.340214601344627
0.661904228616859
0.5474694041834871
0.07311972669373912
0.5120300540934535
0.08014685177124381
0.24413505711759687
0.5348819633623911
0.700989750137809
0.32036399202692456
0.6127945770216403
0.4552924255959838
0.7788625840328529
0.5439287335986576
0.03461646522236439
0.6617155921461451
2.1426402699817837
0.5025601657622529
0.29959361764318465
0.280664323546896
0.2836851489351173
0.757732502195682
0.48204219722570874
0.2961247942989287
0.6084720836949522
0.29262796678790376
0.5529485369580242
0.20248847007730575
0.3767362759429762
0.20226913451656925
0.3777571033860967
0.6008173082198252
0.3764703109183607
0.5149410939210095
0.4107272610621582
0.4492568920309573
0.49598524392685417
0.7516700248570071
0.45154480485081705
0.581297149503993
0.15041814988588076
1.2550279325462004
1.5316443759189644
0.5321507955145957
0.7247743177634307
0.03779854762550894
0.1402474147748869
0.020995123396870596
0.26485830561559487
0.9926611209089993
0.26485830561559487
0.7535791311933642
1.0181594928729538
0.5090797464364769
0.6309777692159704
0.3424847197842171
0.5958707735539014
0.4543306226146523
0.27143371486771284
1.7984039141660866
0.7948237201309512
0.40952029764573694
0.28293471525180824
0.5704214789192719
0.38391829456167237
0.06337925786853482
0.7362033717119658
0.4740598675493868
0.6043241700208362
0.04912974430599926
0.3053741281427529
0.17176834423466314
0.8023135192974129
0.569202556003179
0.1554053515898553
0.3437402523996839
0.01316319927976628
0.41371423914330463
0.7130964074051989
0.7037087070013954
0.42465358929098834
0.20975620578014298
0.45934512874675715
0.2593009577545322
0.42473359370950303
0.7080151266588843
0.47138952894999214
0.42708078755411444
0.6150806676070442
0.1077061710589593
0.41742832747283143
0.5630361677870308
1.1260723355740616
0.6637419547182023
0.08732196749542931
0.17464393499085862
0.08732196749542931
0.01914219745650403
0.26872647876287736
0.26003252481364614
0.4603753228624076
0.26576360301822666
0.3851481426693688
0.22539347713958868
0.6642931597778252
0.3314044314640284
0.6788064513613978
0.3588167341842756
0.5860053679639838
0.07463651202107346
0.43104151415705405
0.6741210464621998
0.3056039143352165
0.47029919918644847
0.1509146335809124
0.06620572520222723
0.41894055472548963
0.8029606731553454
0.6177051099404367
0.5541699788375114
0.5202674851351672
0.21191096603623638
0.09489956460538096
0.1262254528882747
0.6842015991847021
0.40564633037750775
0.8941134984822945
0.37702682491014894
0.8139995151838502
0.35962589132180156
0.3757035302170779
0.8802678978697032
0.6560599509452989
0.19931663715301928
0.08488823856090111
0.03765307465547174
0.331192643674858
0.7092887862682966
0.6177991660700148
0.0656336093437373
1.0662322030919942
0.5251048224798505
0.7711147357516506
0.6121015916671304
0.03578333520239507
0.05698240997074233
0.16293442338875064
0.5294769388880864
0.8589210836050305
0.6306856022660621
0.10437539677954422
0.5958682125988305
0.11859146606923288
0.41953211794389045
0.9718085078136105
0.6664825313374054
0.5418800813231467
0.6387284916113463
0.16810811257125735
0.30022803380533425
0.4101017728901062
0.8650783678813021
0.6238887606355286
0.08974964420217946
0.1431501894331202
0.4513586006330046
0.762824656896951
0.42650644145316646
0.07879876198846736
0.36886522733834304
0.2233754117253577
0.21515423894804542
0.4808604878875907
0.2512326762680527
0.10110401998299978
0.44581738906735247
0.04370176448670704
0.5533571846414307
0.139093311696612
0.029226416845006042
0.1140140829628038
0.6973295500296144
0.01446300564037628
0.2637918703168207
0.2014562966213349
0.4029125932426698
0.2014562966213349
0.09136557199123807
0.18273114398247614
0.09136557199123807
0.23741737049556955
0.3504943227405777
0.5000634974227753
0.13855798825983578
0.4215185779251554
0.2961158235580663
0.17363742313049269
0.7310364522100687
1.0022470262789547
0.781232166148235
0.4598258781411828
0.7283085878776934
0.70761655099489
0.4622398827547619
0.5888735766578148
0.23535532152598618
0.32170892744997664
0.7355958355451566
0.3724292376368741
0.42887757553737105
0.9198355730856813
0.14983444878326724
0.7928541868521624
0.5391116048422915
0.27542919744336114
0.4793460016250535
0.75546111654063
0.17513903687283783
0.7094947981817135
0.17513903687283783
0.4533086682529719
0.7533185108926399
0.2323272141249726
0.4404461069372534
0.5377211198909961
0.02331763171026857
0.3482318816328174
0.642120111629245
0.28893630566148837
0.6364229805989208
0.9860407919421257
0.4245955422910601
0.09755845834186028
0.3335278091842415
0.0919404788787972
0.5720139933073161
0.6517829827291712
0.5478241773490848
0.5978930125453725
0.861503554016052
0.532815069414764
0.12315838375099597
0.36116069841398907
0.5135490183342435
0.2784203668137632
0.6617116407963074
0.3271528718035326
2.0999458837463947
0.6694137153558377
0.6619670227526623
0.48068053054806364
0.7624878445946752
0.3421896145317451
0.34033301786319825
0.8448005702611985
0.8357746498780703
0.44405108104989566
0.12679077472244904
0.5648239038532603
0.006048011865506631
